1000
10000
620 966
465 -994
-8 76
165 655
450 602
-467 -868
-800 -636
-184 317
719 192
648 -294
855 -127
311 -999
549 453
-959 792
-52 -735
-948 108
59 61
471 78
849 -615
-235 -938
-43 158
-361 626
115 718
642 -600
940 117
898 427
-297 703
48 110
-671 473
-454 556
-680 -885
298 -559
962 266
-287 495
926 310
127 835
854 870
-941 -856
-583 792
802 311
763 -39
289 853
194 310
987 382
-23 937
-748 688
-631 -877
-934 619
863 -92
-953 -117
-986 -938
-485 832
-891 -449
240 -754
599 -171
426 -895
470 605
126 -501
-490 578
241 487
-379 -882
863 -196
-56 -482
-662 -792
517 524
-331 -91
-149 -983
-862 -423
291 663
571 -677
48 947
-981 835
931 -377
-790 449
257 256
394 267
970 -487
-101 -71
90 381
-442 -100
-949 -834
-416 -451
465 -342
81 -796
258 -497
684 360
-107 -336
-617 -799
-498 -108
-100 747
140 402
-975 -242
-557 -36
291 -921
937 -715
458 30
696 587
600 392
-445 -387
-944 67
-986 -313
-652 -256
694 -87
458 834
241 -112
450 572
884 117
-110 -303
-977 306
513 839
-374 452
-891 909
240 -228
-991 459
-422 -847
784 -619
-461 -443
962 516
779 -338
67 -565
-498 241
883 517
927 986
-3 -603
-292 -316
-785 163
722 133
-610 -387
-122 -990
342 950
-869 529
-583 891
-180 -737
-774 870
261 -642
820 646
940 -473
121 -894
-652 -164
-557 -858
-602 -717
-188 -172
-340 401
-656 -866
333 -477
-296 -959
-975 -947
-595 -433
192 -152
861 -753
-900 -25
470 208
-977 175
-938 993
396 291
-576 103
-176 108
459 -258
349 -307
-43 -936
15 -169
714 896
730 -600
256 -880
-590 23
316 -652
474 219
-555 -241
-259 -274
623 -602
528 329
807 -772
-385 -907
-799 -140
-985 -438
881 341
159 -14
-748 -423
-454 372
545 103
231 -183
-44 590
159 -42
178 -53
-832 -269
99 -753
-418 387
-57 976
693 254
-432 -792
649 315
430 626
429 -452
-705 -181
125 -169
685 -544
-237 252
-628 22
-18 -417
310 829
-692 522
-17 768
917 348
258 -429
-562 -493
-420 680
-785 -461
989 -867
-433 470
444 431
475 -826
647 -606
-210 -508
-367 537
183 -48
10 518
911 -462
-141 242
94 -698
-498 646
475 -491
-208 316
-848 975
804 -621
604 429
829 -589
-896 -78
528 -30
-7 -674
-7 457
21 -120
-624 966
423 -610
137 426
-354 158
566 -728
922 -890
-762 -176
470 647
-122 505
786 321
704 225
545 546
-307 738
-454 -658
-709 721
-851 992
763 958
547 -163
-158 280
394 -531
884 370
-573 -715
190 676
591 -627
846 12
-479 256
232 851
-682 -192
803 -676
-965 -565
-382 -621
-278 655
294 304
578 -933
46 513
-873 498
-841 -810
-677 -831
-149 -837
218 -592
299 922
-416 120
825 312
-3 624
-712 995
-208 -860
142 636
151 970
-610 217
-656 265
-71 -453
-597 -447
181 971
77 -539
629 919
727 -125
470 -431
855 431
693 935
252 -295
898 -920
439 -307
267 -177
-966 -48
-358 213
-208 -814
584 -279
849 232
-402 -249
-794 139
-288 836
163 -738
-710 26
-768 873
-508 -35
-260 -320
428 517
-541 -360
639 906
-37 -496
843 -940
-88 -310
444 84
663 -168
77 -936
50 128
-953 619
-901 723
-867 -713
905 -628
70 556
-74 -210
952 166
786 -374
-711 -277
102 584
-443 -272
-790 -267
521 -905
190 -338
-555 813
992 783
-747 100
-668 130
266 382
-879 -487
-149 845
-709 -867
-959 741
-361 699
683 -46
304 -822
-136 267
-242 -99
-410 -540
-371 635
-686 -848
-319 -268
-171 -678
342 991
-971 -437
284 -475
-975 655
-376 -93
993 -729
-965 -698
679 95
649 245
254 496
773 -407
540 939
-309 -108
-900 -692
-862 67
-744 -969
-789 20
-971 638
589 -399
118 203
-768 -523
714 49
-985 -17
918 -448
-416 -875
876 793
-45 -353
-666 846
102 539
-445 143
-988 -303
913 896
-537 935
-384 497
-824 -325
-675 722
200 521
701 -267
-35 -527
-76 669
-467 321
932 -322
448 393
234 105
683 698
788 -894
865 -294
-327 -333
759 -819
-941 -288
-37 158
634 914
-338 -685
-706 998
302 -631
-595 8
-166 -117
-292 -932
-80 -994
-862 26
942 119
-618 405
-611 -498
544 -229
325 -976
-839 -413
593 497
-515 -837
-324 905
424 -294
126 -347
-607 693
349 -654
-793 -489
-711 -841
604 542
-742 915
528 780
375 95
-674 -790
-279 784
342 632
-358 -686
-494 38
-723 -246
950 647
266 803
251 -227
-160 749
-173 -382
395 -491
-229 -220
-924 117
-44 -673
781 396
-969 555
-406 -131
-380 -511
435 -387
-824 544
-981 807
856 853
854 -827
-466 -362
31 270
-186 -159
-608 -321
-869 -967
548 567
-253 -303
-425 -162
-215 -87
909 892
918 404
904 -171
-412 -98
-968 874
-443 -3
586 -649
-555 727
-170 615
-592 -318
444 -453
803 -224
140 -240
-109 -174
-787 530
256 -39
-901 845
806 -996
26 -169
-464 -230
568 895
-697 -417
-785 10
-800 639
770 849
572 -758
-335 -804
-418 242
-706 141
721 713
261 462
77 740
-155 -550
-63 887
459 -556
898 -353
-949 484
777 -228
-999 -876
369 -339
175 -988
-453 -959
-166 648
578 -709
-890 -381
889 821
381 -540
-867 560
-379 -241
144 979
447 -885
349 -713
-196 908
-873 -554
736 801
341 -629
-602 -246
630 381
721 314
399 -677
126 735
304 -114
-35 -893
-116 219
-432 93
-799 -279
339 -145
-999 -648
-656 -676
567 209
-402 914
-260 -853
-309 660
349 -366
-862 -715
483 -735
-473 -339
909 9
887 372
-103 788
538 -485
-397 -815
693 -775
339 824
-186 -31
-56 -418
-66 -759
836 603
-692 -278
53 -565
-436 -387
-972 271
689 347
-211 -201
694 474
647 -248
48 -406
698 -914
-929 -553
-112 -957
-379 -484
569 -505
251 -159
-62 838
499 -736
530 -240
-734 -293
561 -123
-858 -617
248 355
904 -219
284 718
30 225
-296 -571
-897 -472
919 758
952 273
-466 918
-103 288
963 661
-158 -37
-695 892
-35 996
958 -896
-738 -423
-711 -675
-185 291
-986 -947
-840 -476
821 -391
644 544
-625 -59
-377 331
-79 -962
336 -526
-391 801
922 411
932 546
586 -608
-174 -778
-859 -219
-7 498
810 149
786 155
-988 -928
59 60
-896 -502
266 -44
-224 726
987 -950
980 544
424 -262
-406 352
175 644
708 -250
-372 -32
-189 110
234 -329
-286 -851
-1 178
-921 -781
815 612
517 -761
546 -868
-742 363
199 -118
-921 -581
-841 -831
-357 992
-542 246
-229 479
973 686
183 -910
-221 -254
-576 970
-978 239
-247 447
629 733
-596 -811
665 -858
-186 -734
239 -869
530 136
275 -890
-370 -600
-419 620
-573 -307
835 479
-279 -367
-632 597
-285 -720
-236 -818
-391 -231
568 -932
302 -959
-939 -593
-862 820
-776 463
46 549
813 399
-441 -925
-468 -844
41 -554
667 587
-205 254
192 -478
-954 -526
-787 73
-383 823
-632 -484
-185 -5
-774 -312
-174 167
-728 821
927 -643
599 -341
-745 484
41 -153
521 -570
-76 -310
306 350
-742 223
-625 978
-368 -600
-442 -765
-659 23
802 -912
-363 -9
192 733
339 -453
572 925
-687 -89
918 618
-746 -80
886 -496
-617 -949
-735 -539
-350 257
-878 985
-109 -522
-388 977
-18 170
-331 -508
694 808
125 966
-579 -270
-176 698
-866 -696
-737 -779
-351 -937
444 396
251 -793
94 212
302 928
-288 -12
405 -900
-845 840
276 -75
533 -823
431 -59
696 662
-749 -453
-174 -749
775 -387
-785 523
-378 -84
-707 838
979 -66
994 666
786 267
679 145
-949 509
94 474
719 -485
427 -129
-391 750
42 949
513 718
-363 622
290 483
554 113
638 -938
-556 179
81 290
458 -895
-156 -937
148 991
192 372
299 606
-541 -763
-628 -421
-903 -300
266 -636
575 -127
-605 5
41 259
-823 496
-670 -170
197 -515
20 -544
783 -776
634 -847
251 403
615 -768
254 948
267 -695
-44 253
-617 160
524 140
-265 733
-278 936
812 445
-791 737
-477 -18
-985 -687
220 -171
679 883
-173 -717
-762 -70
-414 -525
-752 -45
-113 -617
438 12
-890 -683
-109 -87
-262 -387
26 -135
648 198
-769 -915
-345 532
123 -470
543 -149
-711 -925
254 -927
778 -746
909 -962
-1 867
-969 443
531 -109
-441 288
-384 -545
339 424
-754 -398
192 949
-968 811
648 893
470 632
-490 895
-79 973
982 24
339 469
-454 -365
429 23
-468 -124
-91 -86
298 -284
525 212
973 -733
-110 285
-331 -790
-332 -109
-659 -458
-400 -136
-409 110
-755 682
722 -54
594 85
872 -30
243 777
721 519
-495 -220
-998 -133
41 -529
458 -98
127 -74
-996 -158
-971 36
-751 951
-84 450
-340 -967
836 909
820 276
-717 172
871 -860
-588 802
405 -648
759 810
339 -131
-852 -101
733 120
-824 -276
881 369
-324 -205
-769 -820
-467 -515
623 318
40 -942
263 120
802 79
-518 838
-71 -506
685 28
786 -649
-772 -647
-734 12
-388 -175
713 445
524 166
770 -825
-317 -665
-671 -239
926 -207
249 -112
-751 663
-417 279
689 794
231 221
-7 835
775 -557
-221 581
-921 -261
119 962
240 994
914 114
181 923
-485 486
-666 -258
-7 -915
-756 967
240 -897
-991 -676
-101 -271
-478 28
-916 895
-37 -147
685 -784
434 -375
-805 723
630 992
-66 -735
164 658
-582 -73
489 -769
-409 561
-933 665
-7 165
-332 -908
973 -208
-878 996
-461 946
-179 307
426 -793
-86 174
795 478
-131 711
843 -73
952 -405
157 695
-793 628
-421 -937
-66 -573
339 75
-223 507
-86 -634
-260 -782
-511 -633
983 -328
177 -523
600 18
448 -344
-938 -19
-832 705
663 -579
325 -691
-262 842
-346 430
-981 378
175 31
822 -487
140 880
-959 783
305 740
489 -338
-891 877
962 919
567 286
917 202
525 -506
394 570
258 -925
688 305
517 252
5 -810
-585 -440
894 934
200 -976
543 -267
-662 780
-551 770
-230 767
-767 -372
-692 375
153 -907
905 520
1000 -726
256 748
-106 -365
-988 968
-726 807
-492 -527
314 -559
-111 -203
-106 351
349 913
-63 -644
-523 41
863 -502
-56 -599
-609 -140
679 761
-296 -850
-92 -525
-477 -390
-463 244
-387 278
126 -115
395 -255
804 -220
119 -767
-172 -325
487 -41
-103 573
239 -829
699 -116
-51 -853
150 -378
649 -230
877 735
-651 725
10 450
690 -949
369 45
-460 -542
947 -194
-498 76
-350 -871
-563 -722
77 -123
-824 -340
-550 -996
462 671
-416 731
-637 -856
-91 186
-529 -380
918 -25
-906 -670
871 -490
-508 -847
-500 238
-98 -526
-999 770
450 620
961 691
83 -690
930 -911
258 -740
181 11
-625 -70
-400 772
439 -358
26 -552
325 -989
-772 -230
930 -383
194 212
-414 -155
817 -60
920 860
623 225
164 9
-805 334
644 -445
-774 392
181 219
-659 891
-511 345
75 388
-442 144
58 -15
199 -150
-880 182
-114 198
663 -31
-265 778
123 925
-726 961
54 -60
-354 755
-219 -928
-893 222
-93 -321
817 66
142 -660
-826 -57
-801 521
572 -473
130 -936
-570 -528
439 356
-432 932
398 -135
-9 -190
-916 -402
681 639
503 -959
647 983
-95 -98
718 592
524 552
871 371
898 -320
846 -345
837 2
510 -581
-948 -696
-799 18
918 -554
-842 286
-106 152
-656 -188
239 848
854 513
195 685
658 638
591 -724
-227 -925
-235 246
983 311
681 -163
322 -459
-711 -858
-14 -944
-87 270
586 861
-953 -649
40 -339
-419 15
-211 38
147 638
-65 703
-662 458
55 -311
-553 249
575 -76
-351 550
123 623
-943 -33
-468 469
914 800
270 -135
-226 356
-756 808
-710 -71
202 187
291 -886
6 -573
642 -437
-740 32
962 -690
428 712
-436 -657
398 593
947 952
937 -852
-897 -597
-436 -149
512 113
724 202
-76 -279
-767 -762
182 -743
-726 614
-659 952
273 971
-397 943
-412 -749
-172 133
-224 -184
571 663
220 273
-201 254
246 -200
-692 -131
-315 -695
41 -709
333 799
-156 526
861 -237
-45 265
248 -293
930 -977
-750 -254
792 56
15 -324
974 -676
-478 116
-27 -747
519 -348
489 746
904 230
336 -1
456 -275
194 955
404 241
875 -847
517 41
-362 120
-317 -166
-789 -256
-479 205
-996 472
-901 -538
-112 804
-274 -538
648 -685
-711 817
992 -384
835 521
283 -715
233 -1000
594 404
483 819
6 326
-576 679
581 -219
322 155
803 677
199 502
-295 989
-63 -175
532 630
-166 -587
135 -799
-433 456
-376 66
-990 -554
-706 -175
919 684
-104 358
42 -89
-618 -796
-707 945
838 -19
962 -409
-990 -637
554 472
-156 -664
151 -922
684 234
-747 -917
-230 987
398 -823
20 -305
341 -954
-537 -414
773 -434
-417 -134
459 -361
-62 -285
-409 774
-93 -918
-482 -721
519 -883
232 967
-490 -881
-247 411
-731 328
-550 545
-44 -2
-297 -34
-52 -932
-269 -225
561 -432
672 -13
-112 -61
926 -284
561 731
-230 -113
-959 -616
-169 953
936 -678
5 68
509 848
431 -93
-934 -805
450 -279
-324 45
-819 430
730 663
870 418
-674 909
-880 -110
-259 -856
167 -283
241 40
-666 -174
902 882
-371 732
-141 26
-824 220
-659 590
-612 -177
-160 -814
404 728
788 478
510 762
90 -417
163 486
-537 702
888 608
50 10
-384 -443
512 323
99 -975
663 -799
-74 724
838 -499
-45 62
118 410
-818 201
-959 62
616 815
120 -97
-65 971
-479 -854
-735 515
-560 518
973 -956
-542 -664
-327 -803
-537 -294
-737 169
232 -660
727 932
586 -117
-393 -599
688 -550
833 717
-331 823
782 308
689 -112
-661 791
-230 -878
606 -908
835 342
-80 -941
688 -942
-486 -296
483 749
306 -714
426 -576
-924 39
690 -462
-625 51
-414 -705
373 -597
753 -707
217 -366
431 -61
-136 637
973 -924
-968 506
532 987
-88 -640
-890 -164
-725 -354
-223 -145
836 105
718 -882
883 929
-895 -32
-338 572
342 -464
-661 142
503 -849
741 -90
549 -989
967 -439
-939 168
721 668
571 739
599 745
-899 -444
-798 -742
-628 -440
270 -449
-570 -581
394 494
-705 554
-534 282
-496 -627
381 -697
178 974
-472 183
31 -82
-274 -554
543 536
620 -639
-479 223
513 -29
694 -959
-794 664
743 -425
-496 479
-210 771
-556 -912
566 428
-32 749
457 927
-466 -145
-274 -169
733 -780
812 -641
-8 994
586 752
-797 436
600 -609
480 -20
-321 494
-351 -943
-400 -306
124 804
225 -534
398 -260
958 -85
930 781
-344 97
164 469
-956 949
-451 3
-551 -673
118 901
-622 995
693 -368
314 14
-518 902
811 296
765 472
-122 127
-329 835
21 -975
778 345
-762 -867
270 578
21 361
-286 750
462 637
696 -459
-410 630
788 951
120 204
-277 -715
-505 -80
902 852
568 -670
97 907
-226 410
-354 -593
-742 103
162 -367
-158 636
97 332
571 428
-300 -993
415 -786
-321 -121
-774 611
-418 619
298 -407
67 995
584 803
958 632
233 -859
-534 -245
634 -618
843 378
-637 658
191 456
690 786
430 -647
-506 206
337 460
919 -318
581 -44
-655 909
-897 717
-272 -325
190 -487
-711 575
849 271
-959 -664
-900 474
488 225
-13 173
-534 -951
-221 -871
-38 -643
58 -341
163 347
-668 702
355 -531
-66 -584
647 7
-977 -228
325 490
-479 -188
-209 -15
633 -10
713 717
11 -904
718 -552
-864 423
942 588
333 -207
528 -978
-729 -989
-995 -725
487 -650
-597 928
-227 -155
993 -497
759 -461
781 606
83 -921
-174 640
538 -482
-129 232
-789 -853
-559 -362
-79 970
-453 -363
475 729
-417 359
853 -406
475 913
546 -884
-675 -197
-707 -803
719 629
-617 285
-878 -648
-590 -953
849 563
780 -178
105 -516
-944 725
-174 787
-669 65
902 296
-678 888
997 -605
-669 684
-618 -51
434 502
157 -447
575 -558
-453 -150
-737 -799
-388 453
831 -888
183 447
546 -56
-901 -369
566 415
-819 -776
-353 197
820 201
301 -446
-587 311
-728 -711
-570 -314
-794 1000
-351 -308
-64 -835
703 354
-400 229
565 -737
-170 -946
927 -827
-651 962
885 -275
-624 732
-358 -919
-113 847
-307 545
99 -842
48 -238
-313 -467
-453 -47
-400 -643
708 -676
-303 -912
-376 253
-966 -307
-228 -860
889 227
-755 -808
918 -93
-819 821
234 -331
255 -612
589 646
-790 -196
-73 -900
-476 294
123 401
-411 -791
359 -375
-550 842
565 -591
-661 421
-767 -426
743 -854
-104 -43
-160 253
598 -580
517 814
396 -651
222 -359
908 -51
-286 268
-449 -28
-454 -537
802 923
-351 289
753 -415
-353 81
-443 714
-113 861
306 -88
294 -361
-923 307
918 -483
-656 258
-350 -201
-152 925
713 793
-949 -544
-66 -284
-776 -279
-732 201
641 -754
-832 80
-490 647
-651 -553
702 728
704 990
-384 983
795 -100
918 651
-526 -979
-819 701
90 48
183 301
983 752
-409 -323
907 -709
-221 295
365 367
121 -408
234 236
-141 -306
-670 -765
-101 792
753 -114
-286 -195
-570 438
395 703
980 -541
-943 -271
-161 751
55 743
-262 733
-473 -724
-324 206
-184 -502
-734 611
-229 28
854 -36
105 820
497 933
-29 -83
565 780
-793 255
-292 -60
-731 -388
881 -321
927 -128
-785 61
-334 -534
-23 -215
-622 979
232 -521
249 -889
-416 752
-128 498
283 827
-515 242
-622 610
616 554
600 -326
-796 35
952 337
-57 48
810 -427
528 721
-686 -443
19 -870
-295 -944
-607 -662
-152 779
516 765
-443 363
82 -879
-328 -986
-868 603
-260 472
-842 87
282 424
704 326
137 -284
355 581
-104 -214
940 138
-335 74
684 889
55 -776
-136 -197
291 643
-495 -112
54 921
-346 -806
-235 -902
-966 -754
337 96
248 261
-98 651
653 -607
603 -218
-514 132
-895 76
-106 583
-805 213
-635 -188
-44 158
427 -352
803 -516
-169 -611
308 118
407 277
782 -431
822 -209
72 513
535 16
-895 76
-529 672
-662 -963
204 -931
167 89
499 334
311 834
214 335
75 -291
440 393
-272 455
127 788
871 342
231 572
-379 -413
102 -254
126 101
-723 -157
-313 -900
-669 506
150 741
-671 906
919 850
918 256
-801 13
958 55
5 -570
431 361
448 -745
-238 -397
647 -226
-416 -899
-211 -337
-738 968
462 13
-674 -793
2 579
-666 -824
-287 844
-292 801
846 383
-412 -146
-242 642
-274 523
980 921
-260 -741
15 -102
-368 -25
194 806
850 737
-143 358
543 482
487 730
-317 -909
-129 -165
-868 -68
-109 100
856 -477
782 471
-237 985
-551 714
-707 380
-596 571
356 961
888 -490
-227 252
-739 -225
342 558
-624 -916
-385 991
509 -592
-352 -551
-862 236
888 136
-300 440
633 775
77 876
-607 -876
704 -620
689 131
-22 -739
452 821
-686 300
937 -14
-216 -799
-260 780
-675 873
925 -371
394 -711
-674 -336
549 -55
-340 891
-776 -601
-363 264
-187 1
984 593
620 870
-367 -514
-789 -603
-921 529
984 -77
524 426
-789 602
-39 284
-939 -499
-286 740
-44 960
484 523
672 -534
654 -908
457 -427
28 279
239 -398
-731 175
12 -467
-705 663
690 718
-840 48
-421 -735
130 264
-555 -162
887 7
-862 279
-385 -348
459 -430
-223 -923
548 798
822 -260
-88 106
942 376
440 -201
513 371
808 474
947 887
908 966
-420 394
815 -77
-661 -63
426 -126
-710 326
430 -674
-915 -835
-328 595
-372 479
572 346
-176 -837
-948 -240
-377 43
-221 -735
-416 -755
-380 104
-972 -875
-68 -209
395 -922
-338 197
-959 -585
892 662
-33 769
429 34
-928 -463
342 -28
6 -797
535 218
-774 749
947 745
594 685
642 -235
475 -524
484 -814
499 -503
-481 222
909 -828
364 -734
-76 -556
-57 -313
782 -706
-18 480
139 179
558 -383
323 648
992 467
294 501
-493 -783
-113 -995
-960 -645
-677 -114
-999 -904
78 -56
-522 -898
509 885
-618 -938
779 916
-834 -433
838 113
-92 297
343 833
-839 744
-196 -903
883 368
438 739
778 -151
-453 766
-869 -25
566 964
-505 410
962 -814
-451 -519
-734 -467
614 180
197 -655
5 -324
546 -629
-422 -335
339 986
-247 -229
-481 102
615 -754
919 554
821 408
-228 -166
685 -943
310 444
693 915
575 -397
810 667
-960 -651
-109 -418
-964 -437
-563 739
-143 -724
-36 -256
-315 -985
-852 -828
142 -655
-271 -317
-253 -619
-762 566
-816 -297
323 787
-279 -287
-389 -601
-100 570
-363 40
715 484
544 -561
-626 -358
-180 580
-245 439
-100 134
359 109
598 -183
-265 192
-87 259
810 811
-293 -458
-329 737
365 -181
198 -254
126 510
142 241
-635 477
55 115
-88 -218
-960 598
-13 268
365 -585
724 -472
-329 -619
-826 938
-136 368
195 521
369 278
-896 -675
-98 -969
753 -474
366 -277
892 971
759 29
-104 203
-501 -826
487 -478
-966 -767
469 -21
688 997
-597 998
369 934
395 -876
813 -617
-748 -295
220 -477
919 -479
935 722
-331 -895
-228 168
-386 197
-686 812
925 -327
-345 -452
337 -612
775 -690
817 230
322 -334
299 -151
574 81
-293 529
-929 -294
863 -956
199 986
-406 -28
-880 -578
676 -23
-468 -178
181 -639
-751 -964
499 898
423 -158
-939 -951
854 -221
78 -118
-859 -350
318 -911
-104 -843
-421 22
394 -528
191 636
-501 184
423 393
53 -693
-527 -191
140 720
718 -919
487 -715
178 -131
741 926
708 269
641 -774
-655 -728
-587 -453
431 532
982 -327
918 -302
178 -681
399 -872
546 295
-376 -882
-348 -311
863 652
-131 -701
-706 -126
600 -429
-1 559
-382 557
-507 245
-186 -686
-791 746
-410 515
-136 -729
-966 843
-977 -550
665 721
-576 -458
408 544
264 -714
855 -652
554 450
-368 -211
-933 -715
-208 -471
524 -359
713 -245
-180 -20
564 926
-169 504
619 492
-668 936
992 169
-280 373
-460 -141
301 551
153 755
802 -357
-76 660
-205 -21
-845 65
244 -678
-215 760
913 -648
308 911
-361 140
175 -498
-391 591
405 -274
-751 927
-791 -861
204 -140
857 -55
-374 394
-468 909
701 766
567 900
-271 -401
-602 -23
-334 849
294 -634
115 61
829 428
191 404
572 -943
-669 773
-755 499
783 -306
524 -629
-338 234
-542 -20
318 -979
-716 342
863 -744
-823 717
702 952
846 -861
487 -173
-206 -733
119 -82
574 -407
-44 -560
244 845
-387 683
-286 871
-762 -548
-279 -308
708 -771
926 -864
-287 407
549 -792
-505 713
-416 -507
676 -844
673 657
299 -777
-180 615
-866 750
458 -29
-8 -938
-577 979
233 790
294 324
521 927
931 53
-372 -544
-37 207
-104 808
-65 854
157 454
-400 101
202 -188
-842 -728
571 311
-9 901
884 -163
-951 411
-749 -532
615 219
917 -466
220 -317
326 900
982 33
-71 145
148 -363
600 -272
701 673
48 -897
575 265
-445 4
835 958
316 996
-573 225
424 325
-169 -691
-385 -972
222 263
123 444
802 261
-559 246
-697 665
-762 715
-348 913
-791 65
-939 6
-577 -941
488 -557
-29 -141
-128 419
-295 -7
-819 613
-205 -504
-873 -915
-354 372
-824 -134
-492 -543
349 559
137 -975
294 70
782 28
757 -397
-397 -704
146 254
-560 -300
-161 461
-819 -990
643 -807
457 980
698 -787
558 785
-245 -244
10 783
946 -118
-507 -179
214 454
125 -426
55 302
952 348
741 -207
696 -693
-941 -974
770 749
-420 -962
-383 702
-790 -938
-996 -668
-376 -333
78 931
-95 866
-735 476
827 802
148 -733
910 -223
67 508
12 621
-412 507
788 -381
-481 -934
167 242
-22 945
-734 880
821 -193
232 -826
-203 713
-671 -911
-466 -941
-789 -760
753 -727
-245 -725
-29 -123
401 675
-29 973
809 693
-944 689
-864 -686
291 -119
-320 -704
497 149
569 155
565 309
47 -989
743 -938
469 562
305 -444
561 210
198 402
-85 -101
-370 803
-476 969
575 140
42 302
-203 835
-498 702
-292 268
569 138
874 923
-354 -989
987 250
-536 -140
97 770
-929 857
815 881
399 -947
-746 -443
341 1000
-934 -315
521 323
-731 665
-756 -395
876 -271
-432 117
623 -675
102 -776
-100 -641
876 -176
97 -746
-579 -508
658 732
-728 -573
81 619
-618 290
-386 95
-57 558
404 -977
97 846
270 857
360 -118
-93 85
-425 766
-152 -608
360 -467
538 298
-646 -790
72 -304
-235 273
220 620
82 -577
-790 119
2 -751
-387 818
-749 -280
192 373
163 -335
973 -531
530 554
-816 -725
770 165
256 -858
-425 461
-432 706
-556 -456
-372 -256
-114 -174
715 899
-176 653
782 -968
-460 -379
-800 -53
-725 189
566 125
256 382
-550 890
-605 176
-655 106
218 -956
-86 -319
-473 17
615 904
554 197
-13 -205
950 675
6 353
-478 -493
-418 -115
281 503
586 955
665 893
182 298
78 505
782 12
-536 500
480 771
-27 -139
54 -575
-818 785
-27 -441
-65 -108
-646 -542
168 -479
-156 192
850 -322
220 -502
770 456
-68 -147
-998 220
-964 -285
130 73
-601 638
-562 202
863 -176
-386 -371
-938 866
957 -335
524 -357
-844 748
714 -888
-878 -172
-131 255
645 933
-64 -775
1000 895
-785 -177
426 -630
753 -407
-346 975
263 -799
957 741
133 -485
703 -421
-977 974
193 -779
-95 733
-49 878
-269 -827
876 531
254 554
-353 165
983 -942
-478 -145
-65 384
-106 989
-116 -319
26 -140
836 -44
401 -629
-500 11
-800 -467
154 450
-419 389
-891 -338
984 7
-492 -685
-662 -556
-662 -606
-934 778
337 -465
-238 -222
727 -958
-755 63
341 -958
-745 -502
4 808
-597 791
-610 -614
-868 -356
59 481
-111 264
318 571
940 300
10 -195
-8 798
-716 107
-959 -897
-796 873
-211 587
-166 204
127 -947
-228 132
535 -808
264 587
531 -257
-990 -800
78 -518
532 223
-646 -986
275 -809
291 -336
604 411
270 411
831 834
151 -559
-514 929
-13 97
-14 437
-896 -449
777 583
487 801
530 64
973 403
-453 -451
355 -989
765 392
291 -112
-8 110
-890 299
513 906
-109 -647
-86 -652
820 331
282 649
323 117
-520 -664
299 -848
681 -581
452 -790
204 -963
531 34
-796 689
962 -125
-397 -1000
-152 370
275 771
-45 803
-771 -417
26 -869
-507 69
672 -186
162 -77
-943 -361
-237 -741
-511 380
-798 104
694 -507
-626 -161
214 -107
126 679
-923 -483
907 846
-664 569
-425 -617
676 770
289 -931
-610 177
-969 -913
913 724
-297 -722
302 809
191 -70
-873 -897
708 -387
395 -675
984 -908
183 -237
-242 64
-953 339
434 14
-187 104
-187 -306
813 -536
-966 -849
-625 66
-155 894
-393 360
-36 129
-161 -589
462 154
-116 -775
-529 -731
-65 -978
-117 -959
919 631
-319 -734
530 -370
-551 997
75 271
-309 71
-295 -443
-134 -261
-482 -330
830 -682
183 204
-156 341
-624 -712
-158 -899
-472 -963
976 -787
-187 519
696 -106
-956 457
257 39
871 641
946 -328
849 937
902 136
-215 -513
-951 141
-433 -661
963 732
-445 573
-350 690
-752 -921
-529 212
517 898
-903 711
-445 -78
-209 845
369 -938
-383 641
982 837
715 892
561 386
-179 714
665 -873
574 -732
578 769
-371 517
31 348
-131 678
-495 20
-303 -681
301 -497
-286 759
192 860
395 -886
-737 -830
741 -712
-851 -344
-637 544
-553 -462
743 492
904 -632
-113 -553
369 558
530 -406
604 -297
447 250
673 733
121 497
369 959
-828 892
-845 384
561 326
-17 655
218 581
252 -164
980 -807
499 969
914 -541
97 401
165 782
480 -929
178 756
273 323
-622 114
-921 -14
-1 34
181 978
-60 264
982 -761
654 185
-104 150
967 547
-692 93
217 -268
-378 -641
952 343
-92 -451
663 -295
-236 325
163 364
-107 -846
-557 -221
784 708
993 995
-385 100
-674 -296
349 786
-388 117
-791 845
-731 -543
-466 191
308 127
-844 -688
-570 591
-611 607
795 723
325 -420
10 392
913 -242
-69 242
620 -854
815 -873
940 706
982 -745
854 -962
-664 433
-93 -500
-354 -663
275 -659
-794 -296
167 -376
-185 -148
904 -637
-929 -911
-228 40
524 47
-51 637
275 415
339 -235
217 801
-307 11
-65 725
-413 249
440 948
202 595
-801 920
571 720
-705 -741
444 -3
-52 -434
369 341
268 -319
-975 186
-259 868
-451 907
-668 -46
634 367
270 -90
302 179
126 208
-669 835
925 197
424 -234
-776 -88
-351 656
41 252
-383 -967
-320 577
-324 -172
34 246
-87 358
469 550
575 -641
118 -386
-8 766
509 -813
437 -206
599 999
-446 -366
-626 -1000
312 881
366 -851
-104 830
-60 -512
-237 -407
885 -980
-609 -39
-650 830
444 945
-453 881
364 942
-602 -823
-64 322
-609 -321
312 871
408 -376
365 -637
-796 -435
-441 -504
831 163
-774 -579
-559 -218
-174 132
721 -602
892 -538
308 -313
-136 797
-631 751
256 920
218 -509
-670 867
673 271
-948 217
-371 815
-38 -279
-869 -373
-501 593
450 -127
144 -385
-3 -249
955 -547
-869 -945
-180 305
-417 -924
513 774
-505 499
886 322
-655 450
722 -616
-340 -126
-362 469
-176 456
-446 -315
889 72
942 -337
927 362
-842 411
684 -920
-23 -396
-583 -73
-413 448
-582 -508
538 -676
855 -399
-796 885
741 176
-873 535
-981 -226
-101 919
-216 -25
-149 334
-155 -567
530 -707
-155 -850
-478 -603
503 407
770 174
-938 -708
257 234
-912 400
139 97
-954 845
782 -140
-409 475
-624 -207
829 -224
-954 559
-132 -272
154 250
-288 567
-851 321
804 346
439 518
775 835
408 -123
853 -991
-351 89
-505 617
133 -906
694 231
-43 -676
-287 -95
-237 -302
-345 153
-842 -293
-210 344
31 59
765 -508
-91 183
-852 340
225 30
404 103
-271 506
-114 847
-319 690
-460 -430
-999 -537
786 420
571 363
-750 -342
-490 -972
-944 290
469 -677
564 -936
-659 -523
-678 709
983 -886
-555 -471
360 -526
-145 -686
567 168
540 -273
198 -615
565 628
-37 -688
396 19
-944 -358
-321 -517
471 972
-378 179
-570 446
-588 196
-64 524
444 137
484 -3
-746 -166
935 25
447 -647
240 -122
-387 54
638 403
-557 190
-826 -39
543 -395
-103 665
-583 -228
547 -518
-482 369
568 -350
-352 482
836 490
-269 -586
665 649
-675 -116
-219 362
-749 753
47 46
222 515
-495 -959
-501 -799
-597 791
261 370
316 -960
952 -629
591 607
447 674
-106 109
314 646
833 -310
714 729
-996 416
199 406
-422 323
883 149
-536 725
970 -947
812 -328
-478 5
-749 -618
-999 957
139 775
202 44
829 557
638 -532
884 24
854 17
-596 289
-237 -14
-354 -389
-223 566
123 366
810 -874
780 70
633 388
-491 497
546 -991
255 -10
-472 767
-473 -646
-501 750
-711 306
440 -743
850 -768
261 -375
159 -865
714 -285
-508 -481
452 -657
860 548
644 -139
861 -80
898 591
266 -964
-317 945
989 -378
-16 -326
-156 -49
26 -16
90 -618
870 868
-595 796
-293 693
-933 -14
993 919
-651 304
-16 426
-563 -417
-236 19
-101 -469
517 -304
102 183
-710 -662
283 -846
257 916
-481 957
-734 79
-771 81
-626 -221
512 885
-201 244
-776 353
-632 19
-44 710
831 -800
308 188
-622 -614
860 -663
316 232
857 -797
-949 -89
-991 404
48 -517
-412 -580
403 -526
-954 909
-436 -381
546 -372
204 -423
-297 716
108 -227
931 898
314 -904
615 -300
-582 197
-328 25
488 588
-767 -226
658 -308
404 165
72 961
-187 -473
516 666
-656 -125
-859 285
-608 -459
568 194
489 273
-656 582
870 858
567 -407
-237 700
685 166
871 -457
167 101
-941 837
15 -268
-998 893
-463 -886
-33 -724
-651 -831
-592 996
-271 -601
-363 -70
47 -124
784 -845
217 -462
94 71
718 340
708 -533
569 -728
863 -946
994 605
-36 104
115 -787
-292 -696
246 -919
727 -752
-185 757
-384 613
684 -986
693 -929
-235 168
770 922
-350 -804
-253 -17
-226 -192
-16 -542
639 -104
41 138
-890 -251
724 470
-346 -474
-929 569
-767 -145
835 229
-64 700
736 954
778 -779
-895 -680
294 596
-916 626
-796 695
786 -675
-851 -293
-929 476
957 215
-453 -620
809 845
-160 75
266 -153
240 -351
-859 137
314 108
519 -384
369 975
-735 -942
-117 1000
-476 -622
-223 -404
124 -541
284 455
264 319
6 -413
198 -516
289 224
-73 514
-368 497
233 835
-577 -812
181 27
649 -494
630 -892
-637 -759
660 391
-505 -66
935 226
-746 -255
220 532
-671 -625
330 -565
-96 -494
-901 -810
-906 713
-738 309
-790 927
394 -973
654 818
311 707
-180 -23
75 -442
137 402
-285 838
457 -395
616 219
-840 22
456 6
994 407
323 -385
-370 -228
502 683
902 -176
-832 565
-371 -579
-207 632
-768 501
-112 -294
950 -121
34 -649
615 -169
957 631
375 982
846 577
-321 133
660 -837
-259 765
-460 870
952 642
-345 583
846 -285
364 577
214 -978
-425 228
-986 -523
994 -640
115 -214
-768 642
-113 338
123 -597
922 -441
517 428
-368 -127
-622 636
548 259
-39 -803
-460 574
-596 308
-986 -962
870 908
217 57
-201 937
-507 632
-986 442
-141 -4
-640 -597
-590 -656
-461 193
633 -114
290 -382
-293 653
194 -923
268 -685
-590 264
-320 757
-453 506
53 130
-129 829
-659 -894
-446 -750
719 -666
-353 751
714 291
-477 -72
-511 -509
135 -447
992 816
517 -922
-60 218
488 -64
-771 -623
121 981
-900 11
-828 -770
-317 400
-122 471
-18 533
-953 -116
-794 -484
-662 653
-605 63
870 -130
-319 20
881 -858
-387 68
781 -747
-671 817
72 337
125 377
-169 550
788 810
355 357
-409 682
311 305
-172 -808
-235 -173
99 -189
-751 -787
-56 -969
685 817
-460 -747
-209 -94
-897 555
70 -697
-362 -267
-542 766
807 -178
-472 -409
830 -757
489 992
883 382
-335 -289
403 -269
97 981
199 24
700 876
-697 -315
-113 -460
567 373
660 -722
121 38
-686 -683
-632 -164
75 267
-262 597
-14 693
403 -988
-985 -978
-590 867
-468 984
-340 107
812 -78
365 -483
875 -876
6 185
-536 329
249 -42
-245 -431
783 -856
-650 739
222 -590
524 683
-520 809
733 -161
-760 423
-96 13
-64 -655
804 514
447 -117
181 122
-37 -521
648 -580
-33 804
-880 529
-297 -351
-728 -142
46 -463
658 -115
-879 -867
-824 -964
-443 175
-419 -437
-184 722
-451 -415
-610 -69
736 -929
150 733
-944 535
741 278
-247 392
940 629
-372 -681
679 12
-847 896
976 383
-605 -49
-577 265
408 -384
829 -849
-832 435
97 -124
-196 762
-880 999
499 -751
-744 488
78 -664
516 609
-664 35
-710 456
-646 37
872 753
-895 595
-100 307
-636 -900
133 538
-755 263
963 465
197 941
-596 182
961 -767
-760 122
-269 -764
-371 -112
191 113
533 414
423 127
812 -574
761 415
-711 240
305 551
50 6
-496 -614
849 -387
-756 143
-245 848
-661 -636
892 -927
-758 -876
882 -698
70 -657
696 828
-953 -227
133 299
167 3
600 740
-637 549
-219 671
-63 694
268 -196
765 243
28 -458
-933 310
10 -614
-740 865
214 447
-114 156
-959 -869
-442 359
480 -555
-421 -828
-666 581
591 982
-25 857
-627 -931
-51 892
-410 -339
-215 875
-570 387
-762 -175
957 -174
546 658
925 -90
-161 168
-840 88
-798 941
339 -792
-328 -726
301 -491
-626 -612
-391 758
356 588
-981 -970
-152 73
781 -857
-677 402
-897 156
-626 -497
681 848
-344 -722
-203 360
822 950
-999 694
861 -898
-353 798
462 -860
-607 -893
947 -794
-286 366
-201 300
46 -101
778 415
-319 991
-671 -432
-106 977
-485 -947
-292 182
-300 770
-43 95
875 894
-17 711
-174 339
-262 -255
-900 -108
-712 395
843 66
175 -609
-789 -546
-608 107
940 -351
-491 -537
121 471
-646 706
-632 204
-36 156
-852 -782
-89 -684
-260 -227
870 409
633 -110
-370 191
119 103
241 -275
-852 731
-823 779
614 -340
341 480
974 109
-738 357
-755 -527
-652 -964
359 -727
-869 -429
-631 -521
258 -662
630 -442
-206 -506
-344 -721
336 728
97 -45
-996 876
58 686
-728 775
298 258
-706 48
444 -900
-203 -407
-35 347
-354 121
-152 -764
-377 -747
178 80
218 -147
312 -928
-433 -513
165 717
-637 -456
-651 753
-368 442
-205 -235
667 343
-14 650
-607 -657
882 733
-985 806
434 272
-968 279
-559 -655
-353 14
-187 263
102 862
-61 229
-823 851
440 619
-24 664
654 -392
-43 -30
-371 -607
267 784
190 -666
552 -935
-506 -194
12 272
945 147
-412 447
-754 918
638 -3
-247 849
-63 -163
980 -25
-443 -950
-966 948
914 63
884 -41
917 -270
904 805
306 231
902 -223
-100 884
-707 147
-293 -752
620 524
1000 -36
-110 391
616 -479
-972 785
910 -558
591 -487
827 599
-358 -110
764 -941
469 578
-573 660
281 -913
-847 686
856 -164
-303 -8
979 -803
165 62
629 -408
-851 -737
639 -714
-851 -740
130 926
-206 4
12 322
1000 -976
-327 -860
431 747
-758 592
-327 -159
-397 648
499 601
-991 -886
181 321
-966 803
281 -682
58 145
963 -15
-728 987
-697 -552
390 441
815 -481
-320 597
-224 564
575 91
-717 -258
759 -747
-897 -992
-755 -339
-998 -645
-587 625
509 -454
-793 -36
-295 936
-901 352
683 930
-24 -691
633 156
-13 908
883 677
-511 -493
-671 -674
836 -238
-103 445
-866 -119
-866 -837
821 -47
-771 89
250 -628
-677 42
-500 -710
-441 -678
-449 110
-841 -456
-219 754
488 -706
381 -289
427 70
428 -534
919 704
920 -555
922 -719
5 145
-14 -530
-285 787
-476 -522
-238 98
437 -593
-295 615
-468 -51
524 -885
665 -62
252 -907
558 586
616 216
902 -331
-354 607
-370 -8
20 171
699 428
630 -878
-986 -6
-748 -926
197 -328
703 -913
724 748
398 -279
764 17
369 -470
333 279
884 646
638 -501
-418 -55
945 -470
-650 94
356 -593
-720 250
-136 58
415 -283
-481 133
-129 434
489 -85
-878 431
151 -58
396 -171
-1 -312
-819 -875
-196 134
540 217
-866 -23
-948 -963
-397 -682
-839 -68
-785 -153
561 -722
-295 959
820 -613
-345 -151
-602 852
-981 -924
-27 -62
-490 -863
-205 983
-397 768
-391 107
99 217
-896 -602
549 -857
-705 -872
-709 -303
-357 -206
-272 943
894 -954
-93 -930
-602 447
-143 449
894 -166
499 -920
-706 -804
-236 -600
884 621
-891 -780
437 -740
-259 839
983 -821
-22 -177
326 -835
-507 -383
908 -11
102 -884
183 159
528 832
736 -359
244 -636
983 -98
-320 -574
815 357
-293 -858
982 935
-91 -335
254 -16
-635 93
-321 81
-371 492
883 593
-949 -510
925 -809
487 -68
-711 204
-295 76
942 245
-906 -18
-677 164
-260 -739
304 511
780 618
673 911
-433 -262
-388 -660
-943 -89
-346 -661
499 551
898 -458
-738 888
623 -803
365 -115
-834 -118
-601 -908
-7 -206
452 -575
-425 -960
922 315
-943 24
250 -611
-717 -336
-211 -465
-674 11
855 -161
-924 -195
-624 187
-112 -815
-61 -528
-389 -251
989 889
-486 713
-376 -873
222 -743
330 137
330 -136
-196 977
-71 -22
-748 -799
-412 -312
396 290
-272 346
-287 -472
-22 93
204 -396
290 296
-110 926
470 228
-691 -203
-587 -877
715 -852
736 588
-726 795
-35 512
937 -4
159 -171
-720 -875
-991 145
569 426
159 729
591 -323
-537 588
97 372
-506 679
-752 -706
-329 948
-659 984
-640 433
-221 -434
531 -229
-851 67
-731 396
-607 108
-189 283
323 -307
146 238
-57 451
813 131
-710 517
-361 750
-772 -819
470 113
470 -233
-495 -966
-929 -124
-793 -739
-938 742
658 -756
701 129
665 -508
-729 53
275 -859
958 -930
94 -978
-562 -311
-224 -90
-230 474
538 -677
-527 54
-338 -767
-85 887
-136 -960
743 792
323 662
955 821
-169 -25
-66 513
-789 952
850 150
-111 -434
34 651
946 838
-686 -728
633 -570
231 103
301 510
578 -128
369 170
672 -641
-377 948
724 -10
283 148
403 428
-382 135
115 -909
-650 358
-800 -667
569 -673
-501 770
698 404
440 -577
-794 -824
-149 -109
427 467
102 -565
-171 -844
139 -498
-556 222
854 -987
-966 -26
-686 -811
-297 51
614 112
-956 -935
-36 442
521 395
-635 -932
276 -193
-758 704
-335 -597
-60 -333
-828 -973
699 747
-787 -958
-319 957
-472 -984
427 -553
-732 50
-44 -782
218 -480
667 -416
-453 335
-732 911
589 137
-201 802
810 856
-277 -279
810 -899
575 -972
-259 95
-726 700
197 -115
911 -729
-86 410
-968 781
-760 -216
-158 907
120 300
958 -683
764 983
-205 435
-494 -106
-742 664
-113 -743
-794 539
-161 462
642 79
888 59
-632 -369
963 -907
40 -347
-862 601
452 911
-393 371
-397 174
-372 546
781 621
261 722
-376 102
970 -39
-215 -352
660 -923
773 411
-466 -159
-213 533
980 -103
-320 617
4 -305
874 -833
-717 163
665 -229
-45 -341
119 -941
615 789
355 904
683 309
-691 395
-374 -52
41 -319
-640 325
-999 310
-481 -238
-287 443
162 -682
-207 -559
-500 -262
-88 -571
-66 269
-801 563
250 16
904 251
355 968
263 -754
696 942
-138 72
759 -476
634 192
364 -913
-840 753
365 514
-745 -813
284 158
-787 -347
-106 426
-969 901
-725 472
408 -45
-319 -360
369 605
-262 -893
-723 -256
75 -158
-901 -320
289 230
471 62
-466 -820
78 810
-610 -369
-131 -595
-111 -737
-841 -733
-152 612
-85 93
-101 -760
-611 -332
194 861
-141 -923
450 102
-755 -997
316 887
48 -301
-350 -557
-738 475
200 766
-933 203
6 546
394 357
696 -776
-388 -494
-622 -553
-421 -978
-583 -985
-662 -497
-972 277
942 -507
11 417
727 -240
-985 818
-573 162
-756 -952
220 -620
-677 99
70 -494
-504 -29
-711 -386
-656 674
-13 285
-8 274
665 -388
-991 501
11 -893
-442 -92
-185 35
-166 -94
918 -934
-433 875
792 499
-845 -119
922 809
833 -128
-551 -395
-38 202
-705 375
633 -820
-928 -993
-313 -975
-425 -838
-367 -161
784 596
898 -662
-706 -257
552 -988
-609 -297
-466 -199
452 -129
-485 171
634 354
-518 126
-906 -622
-895 343
549 877
-107 887
-844 616
1000 756
-671 -303
546 355
404 -918
533 -57
887 437
-338 315
-570 502
-576 -203
829 -166
967 -627
-711 -154
-242 972
813 -371
-490 -457
-939 -147
20 664
-185 375
654 308
806 -975
225 444
843 -182
-9 316
856 -14
-112 338
-706 -820
-131 -889
783 -624
424 -998
-666 -400
914 -529
-968 294
-98 871
-960 -729
-523 -902
-635 -887
465 8
190 601
-49 -766
-340 951
-187 681
-293 561
763 904
967 702
-132 -569
429 -616
-495 795
970 -448
-328 428
-219 659
142 129
530 300
-417 -933
-563 -198
-274 -22
356 -125
-334 -652
-991 57
-209 -511
614 -997
-421 765
275 811
-675 -688
369 -68
-981 -438
982 251
-96 966
-86 638
715 353
282 -133
-372 -957
-601 -205
299 348
142 -561
-787 934
-347 288
-206 465
115 777
-33 305
892 -229
-253 -951
-754 -513
870 120
-461 431
-22 -481
-188 -289
-340 -810
-617 -993
142 544
-321 1000
967 -191
369 734
-844 913
-582 -164
855 84
-818 833
925 -459
-750 666
-611 -746
980 -776
830 -751
653 210
497 547
-352 -502
-751 143
599 -644
-327 -897
-74 977
-921 217
150 605
-695 208
130 -467
-152 -829
214 -294
-522 -937
-864 -386
904 -474
284 -678
-354 145
-897 729
-278 -728
764 350
833 -547
958 -49
-245 -580
-498 121
390 414
-215 -818
470 -576
-442 459
-790 476
-49 411
-626 996
654 -507
-798 771
569 -284
-912 980
-541 -553
-501 -305
-731 608
-842 206
565 -191
-422 -560
298 -588
268 -631
936 -424
761 -485
41 -453
-611 314
182 974
-410 -477
888 -816
437 325
-760 858
-158 424
-413 235
336 -234
-766 637
-382 -16
538 860
620 143
-260 -186
-670 -315
-985 -969
-832 -422
681 726
407 -619
937 -886
-518 482
-944 245
-790 -783
-965 74
683 -341
323 183
-358 -269
926 -159
-170 -535
698 415
-514 -518
835 388
606 -924
-659 186
786 891
-95 626
857 622
820 -851
-866 509
-968 -601
645 -581
465 -800
-71 -668
-632 144
-712 234
423 -671
-327 -813
904 -919
623 -113
394 721
154 75
54 -214
195 -953
874 642
660 -437
-661 -607
850 -142
-466 -858
-729 581
733 -201
-16 632
261 -478
-878 892
-33 140
458 113
-826 323
-869 263
47 -409
753 -832
-985 79
781 -97
-88 794
-7 561
-345 445
-216 345
-742 -202
-986 -104
-674 688
-608 -735
489 967
-728 -176
-774 105
615 268
-951 -937
240 -118
-347 626
547 455
298 -241
503 545
-691 43
-107 855
-237 -690
-996 -895
653 607
90 667
703 -322
-351 162
40 -993
53 395
263 -905
967 -795
204 232
913 -665
239 890
-269 80
861 -173
698 681
58 446
-709 -806
-682 -544
-602 495
833 -97
992 -932
-494 -992
568 -823
-585 -964
786 617
121 -741
-68 298
94 26
621 244
488 -352
-1 -401
-951 359
-357 -95
483 908
524 149
364 459
-906 399
-229 -284
142 369
-324 998
-659 -972
763 -415
615 -523
877 201
-924 -765
231 -650
-377 702
-750 572
139 -304
115 -201
-818 538
630 -207
619 -149
-797 323
-187 -222
987 796
962 185
233 820
-274 716
-776 462
-62 -798
761 -21
-879 692
549 -348
-709 -562
-481 125
696 271
-789 -58
539 300
452 -414
305 944
857 109
-823 -143
-610 -940
-313 -192
336 -753
137 390
-400 -878
-96 260
256 856
718 -743
-707 -597
-185 -141
-188 832
633 -16
-313 233
-347 665
-66 -525
-278 -949
-655 135
190 -478
-370 -383
-587 202
-526 -142
-352 -446
779 734
-141 344
-211 -834
-576 -730
685 153
-85 -924
-498 336
283 983
299 382
190 -113
554 -76
-392 52
-890 -798
-596 953
-799 145
396 -306
-711 -487
-720 -706
191 -109
644 -396
339 357
815 274
-238 301
-393 545
524 -36
20 834
-376 837
-221 -135
-412 -861
817 136
810 -824
-492 -763
-597 761
-189 -957
564 906
-755 579
-205 244
337 -416
-767 272
-352 -991
647 686
773 -972
619 -172
241 444
757 -120
764 793
444 -975
-210 868
-172 -953
447 -575
-441 -29
850 -126
963 616
21 696
175 393
-678 293
-789 -614
-25 726
270 -586
-262 581
-986 169
-354 944
-816 -760
118 196
499 804
-507 -560
-662 420
757 -384
244 324
192 -933
195 -964
-340 42
-128 51
837 -411
-98 -967
167 607
4 720
444 878
-413 521
564 208
168 -16
-317 715
574 345
-686 -943
-486 -941
984 691
-103 436
-800 213
-832 466
326 -761
127 169
535 848
-384 837
-230 849
-410 906
871 75
-64 311
46 900
887 -709
-582 382
-186 -774
714 -50
41 -674
390 787
355 917
-607 -296
-464 561
-583 971
-839 -788
-476 -44
-766 -250
-69 856
802 216
-362 689
721 -248
144 -745
802 -512
-609 -796
118 21
-725 -267
-986 -254
-518 497
20 558
-208 -678
396 693
177 -773
976 1
-351 407
135 537
-442 873
-651 -53
-421 950
-79 -152
952 -201
765 -972
-515 -514
780 150
439 66
952 -579
-253 -279
-319 -5
-64 123
765 469
-156 -377
813 -319
-496 -214
502 -513
282 914
855 -534
-490 584
984 584
-624 309
813 -765
-601 -209
715 -981
-116 -321
-742 634
-467 -288
394 -361
807 -800
876 477
-716 892
-744 -227
-628 -824
-468 -68
-300 350
-321 -727
-445 887
-826 254
-420 92
437 -236
-209 403
-18 926
-515 389
-379 969
-670 -372
850 -993
-587 -288
875 -916
683 -693
-560 -235
676 -634
-61 -55
-196 -890
-656 -944
-938 677
-317 6
-60 -382
857 736
360 -873
-221 -94
502 -211
-351 453
-92 982
-414 850
547 221
909 377
435 -422
509 225
-328 208
-18 -914
967 -144
233 617
-22 696
870 -960
-732 98
676 162
-361 425
757 -491
-845 -709
-709 -339
130 -842
-731 465
-160 221
568 -482
407 731
780 -577
-805 4
289 143
120 554
457 353
549 -640
-374 91
578 -528
281 -925
-100 -562
99 -539
147 -716
-335 970
-44 207
-686 -228
198 -244
545 -617
-612 -896
-859 960
638 409
-100 184
877 372
736 -975
-271 902
244 -908
373 -423
-749 470
-382 498
-265 -646
685 -237
-906 -399
488 855
431 -992
-455 359
-334 -668
-508 -17
-687 353
-406 -935
-376 -194
594 -214
-921 334
267 -572
-155 173
283 48
-725 370
-823 539
-300 -364
281 798
-580 248
-747 -236
-389 -9
144 -896
974 -931
450 -221
757 -566
-155 784
-705 283
-155 -924
167 958
-49 306
-507 939
-39 -497
-297 -787
530 865
581 720
989 143
294 693
843 -602
458 -753
-85 775
-418 -728
-114 -734
-632 854
12 -992
-617 234
-216 418
343 336
786 -763
-622 162
935 -664
685 21
-737 789
-201 -784
-903 -306
-406 878
-609 56
-98 -52
163 -452
154 -585
882 501
-609 941
148 -487
-74 -771
-873 -723
629 -478
246 994
-414 610
343 -880
-272 -896
699 -654
-329 306
142 160
-771 138
-977 371
267 -540
168 776
-851 -259
-420 -906
702 -339
-61 -318
-352 792
-56 428
-219 -959
-670 -131
777 -56
-113 425
882 651
-559 706
-912 -939
-903 893
-8 212
940 -461
457 -219
1000 -353
-859 -391
-999 -943
-152 -128
-122 -117
273 -251
157 261
581 -330
-132 453
266 -949
792 174
360 833
396 782
-335 298
-479 388
932 -108
-740 -169
-23 789
78 243
882 -631
-413 145
-557 -208
488 734
-828 -535
-750 97
684 -236
-106 -724
-128 -79
59 602
846 -880
-896 691
-751 841
97 34
311 -757
77 514
642 -479
561 -206
-196 -781
699 -898
-587 597
488 -710
-411 -403
21 544
630 -858
898 -601
99 -352
-211 391
-18 -132
530 -133
589 -914
-563 334
-38 259
105 75
629 452
323 -849
-307 -829
-297 -492
-570 647
-710 -716
41 782
234 -72
-745 726
-941 982
-14 -877
-652 921
-411 993
200 -317
-27 355
75 569
31 -385
884 469
-410 -669
-560 -367
822 -959
452 126
-559 141
-739 748
21 365
-379 -567
398 554
200 215
-991 -905
874 509
-968 301
401 -728
-173 81
-1 -92
257 -944
-420 857
660 -125
-602 -32
-742 -661
615 -290
133 993
-384 -414
326 -1000
833 -966
877 940
-585 -177
-372 841
423 -986
407 745
-400 -892
-138 256
291 882
-799 681
922 -914
568 -62
-344 -724
836 -347
-247 -330
-490 771
532 -130
770 -79
-964 -436
-605 514
633 -29
438 655
909 245
593 826
366 -19
316 339
-209 -882
-511 851
369 -498
984 -893
-315 887
-617 -614
404 -165
512 -451
535 -978
-880 -401
-867 -512
77 104
142 764
-670 -935
-445 -353
428 123
-236 -930
48 718
263 -46
-725 -852
-293 -687
-65 588
-441 -243
-550 -435
462 -178
983 872
326 507
-131 354
532 320
-451 77
-608 634
-903 -673
-823 434
-463 -813
399 997
-370 -168
-85 -776
-223 425
546 -568
634 50
911 -132
528 -938
-556 423
-928 325
904 710
30 120
685 -551
-852 258
817 -307
936 -569
289 -642
-32 -449
812 -361
-411 754
-819 68
53 -308
593 -465
-293 538
-534 748
-624 -593
-278 -728
254 -317
151 619
517 242
218 29
183 -853
-671 -699
-847 -25
-844 962
-467 61
689 726
-486 -976
574 -773
-518 -5
-772 -756
305 373
-769 551
373 615
-960 -733
366 -671
545 -773
-612 35
898 738
-880 162
305 -873
-24 -840
427 -378
531 -976
-677 -466
5 -111
-891 -462
-596 643
-106 -20
-537 -682
-520 -176
-739 -437
-796 -275
591 -89
360 190
872 96
-929 -617
-292 -807
58 547
-13 496
-383 -130
817 -270
634 377
565 714
922 -271
-421 158
974 -768
-413 726
-44 691
-798 -490
-433 -166
-370 -757
937 -970
-80 -366
-785 744
641 -456
-500 -94
-563 -220
-731 105
48 -854
458 -799
788 12
-597 738
546 -452
724 297
119 574
621 -281
-893 173
623 790
936 -10
761 -568
404 -679
231 -156
407 -214
-762 -368
660 363
119 150
-292 988
-890 -50
-915 117
305 -450
-657 -892
-335 -371
-201 -492
638 -26
950 -957
-595 175
115 -887
258 149
961 161
-686 635
438 758
-868 -241
-675 -146
700 -849
-156 115
150 919
-8 435
-498 890
-933 161
-716 -240
-96 823
-742 -566
-656 -693
-320 -648
-839 63
308 861
-999 -601
616 279
-13 -405
21 -212
-96 167
802 -308
804 -934
240 288
263 -62
475 -89
-235 -328
-472 -632
-737 399
-756 -105
-490 980
40 -325
21 616
-938 160
457 171
-762 53
133 -244
-196 112
-335 -447
-35 -278
718 746
-370 -585
343 948
909 106
843 66
870 568
330 -384
183 676
233 109
545 -637
248 760
-785 -883
-776 750
46 442
-156 118
-247 -680
763 952
-677 81
-691 -346
885 459
53 -952
-999 763
932 439
925 -268
448 21
-468 -745
525 -102
-485 -460
-800 -965
-387 -526
94 393
447 -261
120 -755
-114 300
-313 213
415 -999
702 -804
586 178
1000 -811
407 358
-527 181
530 847
-495 525
-618 401
-65 355
-929 -700
375 680
-588 942
532 324
679 -447
-626 -757
-226 802
512 -552
-362 -262
268 -15
-610 -796
-400 -386
322 -199
-938 -660
987 -38
248 -276
950 414
603 409
788 983
-400 384
-353 896
-210 -596
648 936
-496 -116
127 404
-869 -255
-486 508
301 210
919 936
-303 -503
231 205
-473 333
-297 -855
437 865
-656 426
927 -911
214 585
598 -665
254 -162
955 876
42 -831
914 248
833 -412
299 880
-588 734
-826 518
861 525
-949 891
-999 -569
962 -440
829 797
558 -554
-756 -422
-166 524
-262 -994
431 354
-866 50
167 61
183 -577
547 451
533 -921
-35 535
202 -862
177 241
-382 310
-66 -137
-758 182
-762 -308
-329 -516
-227 -809
192 -878
-61 534
-972 614
-410 -118
375 -571
-188 673
-187 675
175 61
-201 354
763 522
-327 934
689 764
-348 451
-206 -720
811 -588
-271 805
-527 379
825 -499
603 576
-495 -989
-864 -456
743 622
-272 -447
-677 -952
-371 -774
-880 -701
-668 -988
881 -962
-769 -313
-103 -392
722 128
694 814
452 907
-712 -388
-91 -849
-347 -508
-988 -415
12 533
935 227
178 -27
814 835
-583 96
244 -378
-587 -771
517 -516
-155 -912
-749 485
-414 310
153 -521
989 835
97 -377
-406 -324
-245 397
-319 163
524 375
-391 -74
-542 -554
-750 -918
-601 -406
963 -515
-924 114
502 372
-866 321
-436 -677
82 -903
-138 -484
144 794
408 913
424 -649
-981 485
-511 190
-998 160
-893 344
733 -642
375 -560
-185 -55
638 114
-758 70
761 -602
437 758
299 -799
115 423
544 377
779 -637
-995 -671
-612 -237
-358 -751
-52 612
-131 -871
246 834
-187 -590
-196 64
-402 711
-691 236
-327 -21
-750 -208
-98 -944
538 -726
5 -799
484 -4
202 150
-358 859
516 323
-998 -754
-596 307
316 366
20 -510
-103 646
-494 454
-646 901
-160 -743
-869 -982
270 782
-129 856
-996 711
-511 749
528 992
-387 -768
733 -569
-309 -956
540 -123
-278 490
-632 -294
604 716
821 50
225 380
-880 570
-635 -625
-998 -60
-158 -812
75 600
-332 -150
-656 808
874 997
564 621
-977 -147
-188 899
470 -712
777 -853
162 -779
-805 -412
-880 718
575 899
489 -101
-706 -684
-155 -989
-975 -558
484 -188
904 980
-728 997
-732 847
147 -181
341 -120
-587 578
-402 -885
-279 -956
-84 71
261 716
-960 -594
-84 -491
997 -448
175 -792
-869 -235
806 -707
474 -182
167 851
-377 363
-801 -968
838 961
-155 -390
833 -98
-971 -7
-24 567
-383 882
-386 -761
-344 -847
-563 -322
-749 -240
405 995
-331 -705
564 -676
-878 270
835 56
-411 -962
-247 479
-852 287
-938 1000
-805 173
123 74
465 -833
593 -101
-491 -951
499 240
-388 -936
-44 352
-664 -913
-442 -549
788 -698
-949 -940
552 765
-334 490
623 954
404 988
428 860
721 38
-344 533
-501 -4
-921 153
898 -318
31 -452
-307 369
239 -977
276 185
-596 -764
-179 -392
-740 -164
314 -229
-493 996
-39 706
118 737
318 -170
-597 -477
-901 164
654 802
-109 -630
830 -603
-680 -241
-156 -603
-514 880
861 -428
-797 714
30 955
298 321
831 218
325 -118
-386 269
-789 -768
961 322
-923 -758
78 -485
-451 -933
59 12
-196 528
945 602
398 200
283 626
882 -899
807 156
658 963
-293 -993
704 973
-941 461
10 -597
-755 -83
-93 -372
-74 775
-16 899
194 -265
-526 874
-374 -173
-726 760
-991 806
-300 -292
-39 647
922 830
825 -337
-65 640
-816 -653
127 -954
-709 -722
458 327
-816 -404
989 944
564 178
970 464
547 28
-101 -261
-136 278
-869 -460
-612 -382
-226 -626
-805 -389
-152 -88
457 -976
365 435
135 -894
528 968
-622 591
-227 74
777 -458
-149 -605
81 424
-608 -684
-631 -785
540 -41
-842 -314
-563 -564
148 505
-522 964
-479 -252
714 -13
510 983
-376 753
-37 6
-848 635
-760 -963
781 -936
147 -9
860 -568
-353 810
-38 -903
487 527
575 -31
-597 566
-393 -635
-274 -966
-666 -983
672 938
681 848
-756 -7
214 380
-68 24
124 996
-334 982
-51 880
881 723
115 176
-740 -603
-498 98
-300 26
415 647
-288 -833
-348 963
634 429
-542 -355
-590 907
-224 -154
-612 475
267 313
778 -311
220 896
-965 418
53 470
137 69
-758 180
-109 438
427 126
623 -675
181 349
-27 -96
788 540
-869 -688
701 59
-238 -41
-577 452
339 -579
942 -171
341 -952
546 -377
234 567
902 135
-692 274
-397 259
-338 -281
-237 -459
-208 -968
-338 -29
-74 381
525 520
979 830
-357 -603
-344 -855
-924 419
-944 -451
-752 -127
67 -290
-296 -716
53 -683
341 109
-173 -570
123 677
-476 -120
-23 -996
-9 -596
-511 -106
-916 438
-309 -767
-847 110
973 844
673 111
4 -222
192 -848
-985 984
200 -446
302 -321
857 872
-61 842
993 27
-626 791
-934 720
-215 502
-128 327
-189 -371
-238 432
146 144
475 58
-612 -793
339 121
-627 -8
-213 6
634 692
-995 116
-834 253
603 -540
-27 -986
-221 -215
21 962
-79 -668
-95 -797
807 917
-671 50
-686 -821
154 6
-709 91
-799 495
-39 -45
-924 127
872 742
399 201
-412 -813
-840 798
-353 630
-576 528
195 960
649 892
-324 -197
-39 433
4 -803
-587 -32
993 497
-358 -572
638 398
786 -430
-631 372
99 -616
-223 -482
-652 239
-110 97
-158 380
-697 -734
-346 488
512 -814
164 847
6 140
538 375
-23 941
11 494
-259 -911
-433 181
-582 338
-659 -925
-288 -77
853 -7
989 -259
643 978
244 40
-768 586
-340 -467
-929 886
-734 753
812 309
-466 969
718 -321
-758 -425
-259 -273
305 850
-309 194
571 998
440 958
404 212
-242 214
919 -670
-939 719
574 677
246 -615
-402 -274
-657 887
658 -252
753 -488
-277 28
-207 653
-112 907
982 -638
-725 475
-285 689
763 -899
314 712
-695 504
984 960
-490 -237
220 474
-66 -21
26 -61
-27 145
806 75
-747 -5
940 64
-269 31
484 152
-260 480
721 674
-39 -716
-977 -10
-834 153
-16 -612
266 -459
159 665
548 919
-382 10
-896 755
-274 515
683 -918
308 -529
-400 -776
-320 349
-278 -473
584 670
676 380
-687 -137
-726 -783
53 416
-867 -881
-354 624
882 410
-259 123
-573 -187
-670 795
696 -770
658 985
47 -895
291 -54
375 -670
399 629
-859 -440
-321 101
-104 -18
-106 637
846 644
-69 -829
2 -546
741 566
-313 705
291 -320
119 -369
-65 -129
-631 -188
-771 -932
-71 908
-587 -623
-389 341
-417 712
786 778
-253 452
633 77
-335 97
250 -809
214 566
574 282
-607 863
633 -177
-27 -729
-73 -155
-340 34
-494 -803
700 628
246 -811
863 -461
722 -930
394 -712
795 -742
-666 -888
-816 732
-60 -858
730 601
-728 -13
450 517
722 -89
-794 492
-324 542
-824 -188
-712 -947
525 -186
574 -318
963 248
-466 -469
-7 -602
244 117
-384 169
325 -34
306 347
-901 294
-300 565
-158 836
-201 262
-303 338
663 277
-262 438
519 372
124 216
-482 540
-632 -180
663 -157
-632 -852
267 -733
488 -115
-858 154
925 -32
-668 501
21 -244
524 79
83 -972
-867 812
-839 951
699 -445
-677 96
480 -761
-508 -683
882 214
-203 -445
-560 -178
-17 255
802 483
704 65
994 195
-869 807
94 -667
548 896
-377 236
314 -982
865 29
-368 -849
942 -847
452 -508
660 -881
681 646
-597 584
264 -706
415 -1000
641 -454
-411 275
12 -253
-969 -963
46 402
-768 549
-433 -89
919 -941
182 564
-534 -434
-39 644
575 512
-161 26
-842 278
115 984
15 -249
423 -266
-592 -520
-400 717
197 368
-746 918
-588 153
606 -76
581 -972
426 -345
803 121
-433 221
311 -29
-880 59
672 -524
620 294
-890 -62
-728 58
512 449
958 229
-631 -789
-328 793
183 308
-968 -611
653 784
246 -531
364 -153
907 -531
-260 763
450 534
-56 -76
838 -721
531 182
-858 352
759 -634
532 -523
-744 -412
415 866
-991 -25
-762 982
-368 955
-170 -836
693 -59
137 -665
31 822
-595 112
510 481
-626 607
-16 -330
820 -298
217 598
-960 861
-868 -905
667 830
-74 529
-22 -277
584 -843
813 -47
-791 -71
-514 -387
535 -29
721 228
330 659
-664 -196
693 569
194 292
-826 731
714 684
-526 724
-13 -311
-100 -932
927 -523
-587 155
448 63
-7 211
225 181
600 812
102 -785
850 422
-841 -401
270 -981
983 -330
684 -598
-971 549
-259 311
177 941
-208 -240
-56 -584
-769 -3
-720 -52
399 -361
-868 735
-212 322
-514 995
55 132
-824 847
-756 -605
-174 233
930 611
883 -919
549 -192
-744 381
-24 -870
-262 208
90 -623
-210 -597
-129 -605
-588 -197
-760 213
642 654
267 -216
298 812
-171 -874
330 821
558 -601
792 433
301 -948
-895 863
-893 509
-66 248
-748 -851
-868 -513
741 43
-156 609
-363 532
512 788
48 -936
-3 -229
423 48
270 27
-906 -693
-537 -224
-797 -612
-274 675
312 -402
459 793
-117 -789
-824 415
-793 520
-823 -177
-482 732
-762 466
197 143
270 -182
-370 706
323 340
-740 -832
-735 -133
-903 -571
-878 345
614 -473
699 668
753 264
-542 -905
-160 123
489 882
881 909
-71 -904
970 -325
-35 -738
524 -561
-731 -332
837 -82
-277 -731
-996 673
301 -503
571 -375
-800 66
257 822
-734 640
-787 -40
907 885
-209 -437
727 957
-247 609
-826 -398
853 -463
396 -358
-95 929
-890 626
-607 526
663 -582
-100 -341
629 -869
148 -616
-88 187
-756 882
-74 900
-413 -511
404 -854
-454 -15
-286 -906
-60 451
311 507
-180 -312
782 -50
-274 60
-596 -669
217 632
764 335
-134 -596
904 -476
-420 242
-417 479
204 -40
-756 -299
589 -84
-732 -966
-69 669
920 -714
683 339
-768 -217
-372 -666
28 64
-69 756
-210 -589
-988 -441
-449 -494
356 990
907 69
-695 981
-412 -714
-787 -902
97 -218
181 -392
-44 -67
252 666
-577 -725
886 -223
499 692
-52 -815
162 -315
-353 -498
-592 781
148 997
-960 -93
-511 -210
780 988
827 -289
927 2
782 -569
-897 579
471 488
889 31
-537 518
708 -450
-109 -862
365 -729
123 253
-485 -711
-934 436
-943 -792
-975 -336
364 -34
-491 -211
181 -260
561 403
-580 527
-111 -348
-691 -794
853 183
282 766
-720 -559
543 537
684 -220
822 -314
-367 -148
-61 -397
268 681
-706 453
-110 -553
616 -439
-504 311
-65 985
606 542
-938 501
-216 -514
465 532
-260 578
-397 -106
275 419
561 -43
-990 526
704 491
-22 512
-384 -608
-141 -218
144 -280
808 202
484 -800
-493 -571
647 317
-756 801
-62 57
528 391
-334 42
-851 861
401 24
470 245
120 -471
-296 445
-550 -186
395 294
621 582
163 359
545 -18
-110 269
-432 -220
-451 373
645 -713
-101 -714
-84 266
-915 796
888 -164
-43 311
-852 -759
600 934
-443 304
168 634
642 -418
-800 -561
-63 762
-705 -599
-879 -280
-242 794
-873 239
255 966
811 680
-226 497
565 99
181 -654
-934 882
-455 705
337 825
-928 -562
-453 -631
-697 541
-631 294
521 -138
574 111
-29 -283
323 986
-916 940
194 30
258 -66
-953 -341
284 -694
-9 -10
806 904
-793 -469
-482 723
629 -486
-387 -284
572 548
673 -98
-933 -372
-550 -114
-896 -660
967 577
-506 -923
97 663
398 -942
-562 -21
877 -472
-221 924
427 428
-76 283
182 -166
-185 659
123 868
424 951
-670 853
-929 -128
-209 -119
950 366
282 33
-9 -626
337 -904
483 485
182 943
-224 577
802 784
-903 230
-467 277
-259 796
-570 -276
-319 599
115 -973
-449 59
-657 -703
487 -629
708 298
-464 677
-661 -200
311 835
-998 37
909 -920
-560 872
-223 -475
316 987
-272 600
-455 -236
-422 -284
795 -26
835 -924
591 -880
-687 -808
-417 -584
853 -932
20 -636
-3 -152
-840 -561
-122 -11
-596 401
487 135
-787 119
440 -144
598 195
673 959
-297 -952
-376 614
194 -168
234 452
-893 -458
369 -890
937 -160
-104 -43
860 -46
-166 747
-493 -428
641 -750
-933 492
564 996
-368 827
-691 157
475 -41
-758 579
614 -407
883 712
689 -881
-477 82
908 117
-799 -435
-286 57
532 402
-501 63
835 -753
-840 355
-45 291
330 598
-406 -592
234 92
-25 212
-363 470
182 -108
779 831
-1 169
-361 760
-769 -606
-413 189
-277 -921
-297 -163
918 302
642 414
-738 822
-446 950
633 -209
-682 600
-201 -927
700 430
-383 40
-943 979
-45 493
-954 450
-17 932
-418 -251
-397 -307
-491 805
-755 -462
765 -731
-113 -325
-628 -512
-186 -33
-769 97
-73 727
404 -199
519 -30
-74 -221
488 -661
-864 987
792 18
469 665
702 315
15 156
997 -412
962 -794
-866 29
983 893
621 -670
-372 280
-260 417
-35 1
788 448
-143 148
-590 130
-953 714
12 197
690 512
-66 894
757 -333
499 854
930 513
672 661
784 31
-51 -250
-706 602
829 -465
-588 604
-791 -481
-707 292
424 552
-327 -783
342 495
-378 -871
-69 76
-518 -45
-351 449
4 -922
-556 901
641 206
594 -800
137 -488
-348 830
-293 314
-583 541
-960 -15
1000 -465
97 -630
-340 -452
932 946
299 -490
-819 836
736 -103
283 -452
214 496
-998 -429
456 -798
310 -737
398 -592
20 -467
-801 -225
907 430
987 -528
962 -851
99 840
-422 127
854 -11
-692 -423
-116 -544
-7 -366
-174 702
-522 -336
681 895
50 -701
-24 581
150 -145
276 -780
-605 -726
591 410
696 -777
-372 974
957 788
222 794
-587 631
-924 274
-277 907
-928 244
-112 346
-436 922
-847 -590
-585 795
761 -947
-785 304
761 -97
-35 417
-755 -549
398 -233
462 569
-110 535
-964 -173
-746 322
190 -255
-392 -289
-655 775
-796 -159
314 -592
552 -796
830 -591
-216 419
658 -607
312 272
124 -408
-152 -774
119 274
-924 903
-221 -450
-393 233
-610 74
-986 152
-760 -744
-655 194
892 196
-706 132
-335 529
-95 -300
191 845
-134 733
306 94
-117 274
-912 393
-285 -216
381 -994
-132 936
887 -173
-563 -582
-43 -508
-226 -959
-367 830
-224 -430
-570 -15
359 -818
-189 -606
-725 -305
342 678
-712 -144
-413 -775
202 -249
908 403
-223 -93
-580 -926
-536 186
836 -666
-981 453
404 626
-828 -334
-680 770
267 -922
-912 -144
-443 -643
326 976
581 831
452 141
470 -754
-201 -48
694 -344
-682 -726
802 920
-655 673
53 -760
-103 -422
322 805
-996 -328
-899 160
-179 51
935 -175
159 -31
970 -393
270 -658
-351 463
683 -680
-951 -997
-655 286
105 362
290 -380
-382 845
502 579
-100 -393
884 -213
-384 956
438 -513
721 633
-520 -217
127 -859
-601 776
-601 -480
871 -591
-609 -666
910 -234
701 339
-378 -543
121 144
-823 -559
630 -181
980 -814
4 930
-227 -762
-686 -146
-507 408
-285 625
633 236
252 543
-368 -767
-368 848
302 132
714 -287
139 -279
-367 -753
-635 -442
910 -719
124 -282
-100 576
-977 -177
-32 462
-92 -843
-158 -621
856 59
836 -740
-710 188
120 450
917 142
336 729
147 673
-613 -991
282 -385
-847 -968
-597 -311
-23 -606
693 883
733 -705
-505 -806
-995 1000
947 -711
684 -939
167 700
629 887
-69 446
497 118
907 -177
825 949
-453 -314
-635 100
77 592
763 -32
-172 -11
558 -819
-697 215
804 617
-38 213
-869 16
266 882
-98 596
366 295
-939 343
-101 184
792 -307
-184 447
240 -1000
-186 -555
19 -114
614 235
-328 401
159 809
-14 83
633 89
-227 -100
-659 -844
47 124
-332 -707
765 -635
967 -598
-949 -816
53 -588
-605 -922
-828 -647
398 707
440 814
-794 414
-385 -340
121 -172
-583 -5
-111 -221
108 -104
721 -240
708 298
-327 927
337 170
-227 96
-686 177
838 -65
125 -206
-331 877
970 186
-682 -759
-590 -547
183 -88
-103 -671
314 -55
-402 980
-776 896
-670 -728
513 709
-253 -19
465 282
53 182
-156 -971
-583 -549
-819 -737
-129 -835
-613 406
165 900
-867 70
757 259
-671 -981
704 360
-671 430
-468 -255
525 -515
-824 471
-794 -665
-262 -329
311 855
-768 -230
-749 -741
-739 -92
821 689
-357 682
-573 -344
202 -176
-948 624
-69 82
919 415
-526 -97
-287 458
-136 81
-840 366
-929 840
-196 -315
-33 818
976 -633
820 -881
123 202
281 -324
-208 652
-400 -252
-303 -205
99 826
-801 -345
875 318
264 580
276 20
459 354
946 455
509 -433
305 -68
-476 -583
-823 -513
-49 433
-173 -32
861 -904
813 -223
648 249
-583 144
-675 107
-596 -408
643 -315
829 932
719 923
-631 -74
142 -646
137 -812
318 900
-362 339
-7 79
-834 -621
-62 334
-650 668
-573 604
239 -38
-347 -153
-173 425
689 -577
-523 -312
-675 782
-583 -68
-207 838
-896 -146
575 -428
698 -307
-60 -897
-37 214
-186 -751
325 -739
-228 -200
150 594
-650 917
-211 886
-868 -143
-651 796
-16 442
-901 -348
540 887
-169 733
-370 677
-705 537
849 -922
-297 -974
833 -485
564 -145
214 -760
-86 -950
877 161
654 -120
-335 1000
-631 -370
-716 -503
538 -873
-968 882
-842 -611
-841 913
20 66
-482 -223
333 769
428 766
-720 -355
-467 -581
-625 836
865 450
-731 91
-797 498
614 -445
-954 -277
-866 25
-527 -969
782 -829
276 323
-588 322
447 169
-968 -912
-307 151
-563 312
565 -653
-14 707
-956 370
-411 879
-705 734
574 461
-986 310
-680 -408
-116 327
616 792
-131 10
-631 -488
-51 -389
683 -156
836 -425
-155 97
-933 264
-237 -912
-411 999
-80 852
875 -151
-209 -769
305 815
-103 76
175 -92
-331 -97
163 538
-996 -672
47 827
870 248
-948 -872
853 60
-966 -869
-580 -898
-384 -277
5 346
177 -290
770 535
194 417
889 -986
676 -700
820 -792
342 -47
-321 -774
958 -22
598 308
703 186
-977 174
554 797
917 -155
-797 -185
474 -630
-486 -232
12 -934
94 231
-864 968
-406 482
273 -410
-371 301
786 -547
290 -87
31 -112
-866 -567
322 568
575 775
-848 984
140 742
-507 -534
53 -676
283 -910
-329 -860
164 548
623 386
254 647
-799 -97
273 224
970 -675
-839 111
194 -128
339 -966
621 4
765 -581
47 -408
976 -116
310 421
973 291
-964 563
405 348
-113 520
516 487
-739 622
-358 -467
-103 -359
-400 302
598 773
-671 867
-425 531
863 -417
-923 139
-747 869
-152 415
434 491
-370 -977
589 -771
-731 553
54 435
-944 181
-601 50
567 -598
888 -860
194 -638
-156 -585
-750 892
831 753
-514 5
882 -869
807 -184
-331 -508
909 82
-136 -457
623 -276
-553 -560
135 -829
195 -867
41 170
-618 719
462 348
403 -709
-368 406
-386 -632
-69 298
-383 -824
-981 -936
395 57
516 -108
-609 190
-520 -697
-49 231
-17 -297
-155 -943
765 486
-526 124
-553 -638
-461 -513
408 -716
415 474
-746 -403
-805 -581
21 780
325 485
-110 -248
-56 387
197 654
638 -575
-348 -779
-668 -295
600 -849
-752 882
-661 973
974 -85
860 104
-588 -679
-740 -532
925 -114
876 -150
663 -718
-379 -17
318 -706
-8 -816
197 -431
-208 564
82 834
-709 69
-286 -283
258 -108
521 170
-253 -370
-666 -640
231 764
673 -966
202 332
-95 116
349 707
190 374
606 -646
-101 806
232 328
470 198
-650 201
719 565
803 -166
-60 -235
458 -513
512 660
-505 -607
-328 270
667 147
660 -181
-331 829
401 661
-446 523
-392 80
246 -358
704 -68
289 -796
162 -9
-344 -491
244 -597
-977 -463
-866 -806
708 252
-652 -980
243 -260
273 -716
-60 -474
850 996
-707 931
-494 -728
-297 -410
-612 621
-185 -109
660 321
-45 -750
-236 438
-873 814
266 238
153 456
-425 -838
-734 689
-628 516
-492 -845
191 269
-505 -276
78 -866
704 -73
-536 362
881 555
-742 -363
807 -563
-242 313
-508 692
-716 298
-335 -164
757 892
548 462
-143 663
-386 263
-610 -267
77 717
-416 -152
-750 797
-340 482
963 -645
404 354
688 663
-185 56
343 311
558 704
-754 519
-479 637
19 -993
-705 560
248 -432
-675 967
-226 130
314 -23
575 223
465 -447
452 743
773 -356
-201 918
-370 -872
586 199
814 734
987 -509
810 456
337 913
-451 142
20 -954
-22 978
830 -561
759 -956
-297 -311
-38 726
-388 945
299 -403
913 843
594 -750
865 119
-206 -814
-247 215
885 -208
886 837
-52 -304
833 -231
994 -780
167 -194
581 -478
-269 -340
225 -137
365 893
289 -318
584 -70
952 -298
-834 967
75 -256
829 -596
243 -78
-692 -14
-61 484
-862 281
688 323
46 -403
-88 -936
810 -114
-260 -844
-706 932
-923 -920
-388 -557
470 -266
-618 810
-367 -201
401 818
-769 894
-196 359
254 508
-116 296
-17 85
-36 -76
-66 20
121 714
316 232
-504 -628
704 -923
-324 441
270 -235
638 -838
870 175
-131 -745
252 736
337 934
46 -289
67 -872
-796 -987
-76 -788
-379 -32
-582 -668
-711 -825
-929 -228
-991 429
512 -986
-173 -313
243 198
499 356
554 828
552 -770
-597 724
-100 786
-106 732
270 709
860 233
28 905
-493 -727
833 689
325 424
-417 -758
881 -109
53 355
-451 243
-768 -875
-923 -487
305 290
-869 642
2 189
94 -626
239 -146
-751 -67
875 -298
581 516
-187 403
-247 -977
326 -109
961 -128
-677 -232
-454 -88
431 -521
-597 -340
-110 -220
-816 -209
615 666
-386 635
699 390
775 720
-43 952
-577 -692
-511 853
976 -559
-832 -279
130 -507
-260 -569
231 -221
-174 479
-680 -707
919 472
558 -990
-664 118
-414 -980
554 -940
-506 509
-610 -950
718 652
427 -163
658 -295
502 -177
399 -428
489 552
-361 523
-221 -891
539 897
-912 -333
-818 -665
-309 -573
1000 217
-646 -734
572 -442
654 -104
-934 734
693 972
-965 725
-173 686
-611 721
426 845
533 -436
-309 -590
-160 -53
-307 -53
424 -204
430 -520
780 146
-345 955
298 -939
908 134
-35 671
902 682
429 431
-755 -801
905 973
-224 -236
811 408
535 930
-995 513
-315 -434
126 405
987 -992
603 597
974 825
700 -691
337 9
398 -978
-9 19
407 -11
660 -874
-559 395
-128 -392
667 789
945 -108
427 565
342 -756
-454 291
-224 531
743 -554
204 -86
-143 217
-897 232
-707 761
-1 980
-292 -23
-237 973
-300 163
643 -875
-247 -51
-253 -963
517 976
-88 -951
102 852
955 -535
195 -656
-605 741
525 -427
663 936
-481 757
403 343
905 -155
-35 343
-824 391
304 264
-432 -455
-216 -96
53 -183
-852 52
715 -995
115 479
-859 -422
621 900
-731 -568
46 229
434 380
82 -276
119 278
-990 107
31 -341
-180 613
-451 42
191 -371
-742 548
312 514
266 812
-478 -434
911 -961
-789 537
-767 -187
-368 -722
5 742
-612 -664
-176 712
-481 -349
-262 -104
512 680
-869 -707
401 134
-37 -762
807 -626
-7 -941
-640 614
663 959
907 -294
220 292
-22 -349
-692 670
974 -948
715 -481
-514 -579
-632 733
-768 452
-787 487
214 213
922 -281
-597 254
-68 -975
715 -524
881 623
-340 -799
538 120
-425 -856
330 -308
704 326
-443 -532
-732 -432
165 -668
-602 -580
220 -994
503 334
-954 -184
-16 -509
-711 284
-953 242
-900 -231
574 -381
-52 -23
431 108
-80 62
-890 368
-76 -129
-169 978
780 720
444 173
-716 -365
973 -791
-416 -375
-915 76
992 -97
250 895
-897 978
-392 481
654 -606
394 804
-895 -403
-968 -197
-912 -29
234 -472
-45 205
973 669
126 -407
918 -819
-245 -956
4 495
-340 -807
516 -116
-793 876
-410 408
-933 875
-184 -141
-740 -962
243 -505
-368 -134
958 -141
194 853
-971 -571
-669 -981
-259 -902
-668 -793
713 -933
130 687
-949 -856
-92 844
268 -635
-868 436
-491 633
-749 901
-557 167
593 -783
-498 -760
426 -446
-632 190
-523 353
-732 -226
830 -220
-501 720
-184 -733
543 -887
643 -229
-335 608
947 -46
-176 14
-852 196
910 646
147 -155
-580 68
1000 -874
-735 744
962 -537
783 -662
-285 167
-868 -948
812 -546
-229 648
-66 -817
-14 652
-272 -247
914 -782
204 591
-63 331
-111 420
641 740
-173 -639
-344 880
-678 -512
993 628
-362 149
248 611
-737 10
850 -342
-580 -245
-169 -566
-327 929
-86 -15
-492 -712
545 854
-184 813
268 611
58 -30
355 624
783 -309
-110 485
83 -960
-737 808
-1 22
593 -813
-476 20
722 -677
-686 -334
401 896
586 -723
-929 -478
-518 154
-370 -925
-228 -25
183 888
704 680
-588 437
704 809
-669 527
987 -441
-559 109
-954 -357
-380 183
284 -218
-69 -97
-128 -397
-826 -278
946 -960
270 -938
-848 -412
-60 -205
-357 -655
-768 664
-230 537
-944 780
-732 959
78 -381
-352 -366
-828 -367
-738 -272
708 -811
108 -101
547 596
-64 108
817 937
-541 680
958 527
225 293
704 -622
-383 125
907 -67
-766 -720
780 988
-505 -989
-771 872
-171 790
-211 -813
-317 -172
-43 -869
21 721
-491 -470
633 772
-16 125
428 670
696 680
-596 -441
654 -10
127 172
-386 -592
-977 46
743 164
581 -857
-929 399
-37 -942
591 175
-705 -36
-490 -373
633 402
773 -184
-964 202
870 137
-69 -235
665 -147
-329 -591
-309 729
-84 441
-203 657
821 434
-61 404
15 196
704 436
-43 15
-321 -524
-43 379
-590 938
913 -193
-216 548
-226 -733
539 -601
997 212
-413 -528
258 -889
-666 -893
940 674
-186 818
-541 -426
407 -438
40 115
-113 914
-668 233
-155 513
-156 728
-122 526
-650 -186
-605 -997
-587 507
-501 596
-523 -179
593 -858
250 263
475 -88
634 555
-402 -689
-351 -946
118 -999
-212 256
337 910
-793 -870
4 -924
-24 468
-960 80
807 986
822 654
-383 -305
366 -155
513 931
-529 -218
-80 -642
-479 795
887 889
-921 36
126 -159
820 -722
-938 153
-442 -813
-555 -237
-60 -574
788 558
365 515
-481 919
600 -955
70 297
540 -106
-7 -690
-617 -247
-445 -366
-529 -609
-656 -139
-635 -833
-296 -828
-65 198
887 515
-88 -302
-362 -942
264 -242
-869 425
-57 554
614 -396
641 -295
-363 73
688 593
-716 -828
439 -768
47 -251
-374 4
21 133
-79 -836
-27 415
-956 -985
920 -9
-921 -634
-417 -82
-319 -912
108 750
-370 -908
-485 -579
50 108
146 315
-580 -950
-900 162
963 514
-636 102
513 -634
-797 606
144 -434
-114 859
-816 701
765 -401
261 -317
-750 -973
-791 -638
-386 -68
-951 786
-597 496
282 -562
198 354
-213 -4
-582 384
-988 251
-432 -913
945 93
-242 -185
157 -508
-891 -63
-655 -93
-171 -789
-76 -263
-687 459
-357 -758
976 241
703 832
218 979
399 902
-618 742
820 -773
-695 -576
701 -97
-772 215
825 -45
-278 542
-981 -934
-441 -702
-247 -544
730 -80
21 723
233 977
773 558
261 230
-529 5
-573 -812
-451 -792
-44 -570
-542 -65
471 316
-80 138
-466 -184
-174 184
-208 16
165 621
962 -339
231 -342
-35 928
-110 387
-916 -211
364 570
-794 -732
-933 752
516 -115
275 521
140 504
683 -834
-227 348
-235 950
574 -337
-374 104
130 474
-819 374
-746 641
-847 465
214 -691
-841 -657
118 178
-354 780
581 -404
980 382
423 -718
-678 83
679 -143
-501 -888
-392 -168
892 -458
-160 -168
808 -319
-389 338
512 322
802 440
684 -569
615 386
-353 806
-588 -944
-416 -984
-750 -999
561 854
268 177
276 967
-563 -744
325 -460
-388 256
310 599
584 -683
-758 -825
872 264
-522 -35
-288 376
-711 -504
-491 773
958 -708
871 -173
47 624
-527 509
679 516
-85 -706
-37 -214
-129 -424
984 359
-666 926
282 -840
97 303
-272 455
-866 1
616 -471
-152 -506
-978 -974
249 -304
-776 -699
241 949
-899 -985
-655 961
225 -617
359 379
786 -83
-529 -732
232 231
-834 784
694 -928
-262 839
694 439
-541 -581
47 800
600 155
-903 -964
-948 314
673 -169
-392 -904
-737 462
-627 -171
475 -600
-893 508
-969 896
487 451
702 749
-56 182
-776 434
252 355
-455 449
-746 1
239 874
-186 303
195 -561
-523 478
336 -952
908 -149
700 -572
764 416
614 578
-158 -580
-692 -917
341 -417
-965 19
-176 834
-36 907
-451 8
40 -796
761 -659
569 -194
-38 -278
-680 -925
633 -803
684 579
910 655
-760 328
837 -996
-84 912
204 719
-332 604
-52 599
909 -532
342 176
-712 -416
865 594
837 108
11 -647
-61 374
342 -705
-754 -873
-477 -653
603 747
532 -684
876 -355
-710 -798
784 575
-3 -131
713 830
-550 798
-18 -554
-851 -689
837 -186
-897 67
883 -743
-319 -610
663 997
-550 931
-242 669
548 281
524 -466
-379 -279
125 -257
703 -893
-174 -673
399 -95
-17 984
788 775
121 -496
-432 -861
308 543
-372 -464
-73 14
578 986
892 275
50 782
-464 -551
-731 -627
-486 74
-327 -813
26 -608
908 -276
533 -229
-659 -725
-432 -550
703 805
-219 360
886 879
276 910
513 912
-382 -978
381 786
-959 -964
535 272
-229 -731
2 -416
699 734
856 -488
-507 405
830 201
778 29
248 151
-880 959
-923 -917
811 295
251 227
946 -877
898 -102
470 -538
-402 123
-559 -122
-93 -619
565 773
566 727
-842 3
356 639
-208 896
484 -235
341 -651
600 455
283 893
-76 639
-912 -979
5 -771
-473 -161
488 526
777 -639
-468 -516
-338 607
907 -853
-789 174
-259 -568
364 -697
-201 952
-740 -761
251 122
424 -883
-185 245
593 -278
-3 831
952 -79
727 852
-156 -309
-622 -74
-293 -195
194 991
306 298
424 -69
-839 906
-652 -468
-297 -68
-43 301
-671 -529
434 -179
598 -597
301 142
-637 -304
-297 -482
614 -764
-411 -882
-916 644
-514 703
-397 -91
480 558
-309 -3
-585 -251
-580 -469
261 106
604 287
-878 -789
-36 152
730 220
-98 859
-317 -668
-579 76
435 56
-224 -167
-523 588
-944 925
182 -964
-171 773
-588 494
484 -965
-869 -30
261 -116
849 -128
-227 771
304 632
267 274
663 -932
-541 416
-890 541
-206 -826
719 542
120 -397
-996 -494
-790 -202
931 -340
-18 53
364 -928
21 -169
-498 663
339 -903
308 -424
-335 118
488 843
94 906
-206 121
239 72
499 -179
-245 -580
-605 161
970 860
509 396
-705 -254
-445 971
-36 -600
-260 -436
-705 97
-791 536
202 227
-23 -802
782 -886
365 -406
987 -340
-828 341
638 490
763 -881
-625 346
629 -912
-852 -583
820 687
-353 -840
-691 910
-678 -108
234 -48
-49 242
-64 -777
249 -689
470 835
765 -464
-848 63
-103 74
829 927
-370 -228
-242 298
788 736
-385 -224
-583 -992
-245 -33
-260 614
660 240
730 221
137 -554
239 -243
702 -512
784 121
-461 717
-826 632
-128 522
364 624
898 439
-640 389
809 135
-828 -824
-361 233
-891 289
940 869
-184 757
703 -533
-45 783
-801 26
-116 188
-646 -600
-912 837
26 398
807 623
487 193
983 -988
-832 463
-441 -814
-965 203
763 247
630 -666
-226 399
-493 490
838 -766
-71 -894
593 -722
-725 18
-557 -612
19 -116
-166 -57
-522 148
-712 -679
-587 -964
549 405
437 985
-417 -791
-68 -880
322 982
263 586
151 -217
-478 -51
821 -471
-196 -207
863 -950
-413 224
356 746
-553 766
-384 539
457 -424
-941 856
-71 529
-324 927
437 313
-445 -373
50 481
648 -280
281 292
-666 458
-345 -578
290 34
426 835
-86 132
-208 -247
469 626
-64 171
-587 -886
-224 213
994 235
-418 888
-378 526
516 446
163 389
457 718
908 754
-991 18
254 -246
47 930
254 -843
-716 -60
-514 -631
718 -131
-69 -869
81 -616
-122 -345
829 438
-184 -443
-160 -77
118 835
-550 19
70 -140
-116 -491
-189 328
-158 -497
970 -814
-367 986
-793 -264
-180 -222
812 -627
-89 -65
698 -147
970 -42
-738 -445
-522 945
638 -367
600 181
586 -771
-295 27
-579 979
-443 319
-389 -160
41 139
623 620
629 46
792 -286
-776 -940
545 -554
993 214
266 151
144 547
-307 -285
917 -512
489 -203
-717 716
713 -611
-506 945
528 952
-186 545
509 -723
-60 -84
-707 535
-794 -961
736 434
-63 -474
-978 309
-756 715
-766 396
325 -430
276 -548
484 -932
48 735
-357 -105
267 557
190 264
-481 551
822 -719
-493 -329
-332 909
-107 -345
-592 -876
-915 -502
144 290
552 -878
-601 330
781 894
644 -4
50 -776
-666 167
-556 -484
-726 -41
-468 793
-912 -864
-210 656
591 755
-551 -43
447 -419
429 -505
-432 -669
10 319
435 93
877 216
-716 -832
-749 958
-707 510
-500 -256
733 -965
540 627
902 584
980 462
-433 488
-160 -118
-288 27
-818 -964
643 582
97 714
-867 461
-472 -359
373 921
-416 -499
911 13
429 -420
881 785
-213 -564
-659 408
-527 -369
782 107
-869 124
437 608
870 349
-613 -797
-735 -835
154 335
6 819
-631 235
782 589
-537 94
-725 -680
-187 -122
-80 850
-185 -176
-751 629
-433 -340
-451 380
437 -523
-361 -79
733 677
-742 858
164 982
-141 663
444 -984
241 -137
-608 884
-293 70
566 26
815 -129
164 968
804 -819
-93 -804
-156 -965
-515 427
-657 776
813 -924
535 818
294 488
958 20
-796 546
365 -761
704 488
301 -191
-16 229
812 -4
808 -341
440 -685
193 910
-85 848
586 9
-573 -961
820 -758
603 -467
875 705
530 993
-380 987
-590 855
-230 -89
252 560
-998 -538
316 742
547 -390
591 814
-878 537
974 -445
-985 -842
-851 -482
191 -559
-828 -501
333 -539
-929 692
53 371
-7 -162
356 36
-7 -917
-769 614
249 -248
-201 -644
214 785
-227 -174
-378 -33
-441 590
46 64
-756 -559
535 -744
-14 913
886 276
-796 -578
-805 -809
-449 296
-354 994
672 -652
94 523
457 105
-418 148
-27 -15
401 -495
-104 129
426 -849
-798 -131
-769 -155
-971 965
919 138
407 707
360 -881
-608 -541
564 -623
341 -534
-732 -103
807 -193
-201 -885
876 -473
447 657
-212 756
-818 77
108 553
-731 -668
-949 589
763 943
263 411
153 868
-617 -559
892 715
-613 -388
-732 -797
-358 -740
119 -546
-56 -409
-338 -178
532 891
519 -684
-869 -260
435 -446
488 -156
-896 -699
-269 -6
-60 657
167 -148
-744 311
294 40
647 925
643 349
-661 -209
836 -24
994 286
-972 480
-389 409
685 737
-107 -526
306 -903
887 -742
743 260
426 860
-501 488
-605 591
28 -188
-754 603
-468 -851
70 -810
-321 -229
431 -609
-473 545
-279 257
-541 77
-580 -811
-412 477
-492 428
-895 -281
836 979
194 -715
931 -234
-43 -550
804 -225
-490 93
-800 194
962 -556
-879 62
41 684
50 -146
-998 -480
568 548
-636 174
693 436
390 292
572 -1
708 473
-223 -741
-611 -608
-379 -941
-372 -684
-494 -354
-590 417
46 640
234 824
962 -925
-402 -716
521 -558
561 -151
989 -874
530 -907
-346 235
502 175
-717 435
15 -945
-576 -653
784 242
909 619
983 -171
-916 -923
-14 -320
575 849
290 808
-432 -806
804 619
-707 -73
-57 -223
945 378
-278 532
-867 850
-207 288
396 -58
-417 -691
-723 780
-832 339
-785 92
197 799
861 -731
-556 -159
-189 -357
513 173
647 491
633 274
-582 -471
121 702
214 -27
465 195
-397 -813
-841 -401
-16 376
-661 952
980 -129
-749 478
281 266
-655 -294
886 473
-242 -443
548 -385
-732 -614
-879 -284
415 -954
-705 197
83 190
240 -747
233 906
-559 -247
424 428
544 -22
-361 -555
-464 945
-1 -884
701 -981
281 558
-57 271
-587 -299
-801 760
967 -248
-748 -796
-501 310
-3 86
-419 -300
330 855
-454 963
-504 -700
356 -73
-570 408
743 -174
115 -18
408 368
-371 181
-951 211
-954 976
458 574
-201 -309
312 -834
-769 -834
-442 -179
-799 -834
-767 205
-417 -862
-613 -977
-176 957
125 -216
-265 822
125 -869
-687 911
-476 -16
-219 742
-319 -1
545 -806
-61 545
-938 -348
-832 -159
783 -324
341 781
503 -739
-319 629
434 118
-216 838
681 -549
430 -142
980 593
920 -76
-508 803
-951 243
973 -399
-834 630
644 384
871 139
619 -272
-977 406
724 -65
812 -320
-57 636
-414 -903
-262 -238
-798 787
146 -535
430 -506
-238 105
-534 915
-303 42
-729 380
-823 668
-651 229
543 -715
884 -27
-848 -138
-473 -10
708 18
-906 -665
630 918
812 881
108 -721
614 -501
543 -425
688 722
-464 633
1000 927
316 427
-841 482
-787 27
-692 801
-801 -807
-443 356
-443 -825
-542 -416
322 392
360 545
689 -461
-826 91
-657 -942
-596 198
204 -446
-433 969
908 -569
-723 -916
-69 546
234 -274
753 145
-79 848
883 -799
-436 746
-731 -453
339 -667
-878 707
694 -183
513 479
-397 750
871 -117
-89 -175
615 -291
90 454
81 430
-949 -447
10 -102
-384 -628
-890 783
470 -945
40 -18
947 -20
538 -420
616 909
-573 535
665 -658
333 573
-402 553
566 -917
125 289
-498 726
882 716
-996 621
-207 -236
-324 117
-742 253
810 -386
530 -950
-900 -593
-229 -11
54 719
120 -337
-787 -128
-746 244
925 -371
-841 284
-880 745
861 569
-351 -577
314 809
19 141
-966 -871
381 703
484 562
-595 522
871 -814
566 533
127 -616
-496 480
831 24
-321 -887
-69 -74
-141 -261
-879 71
330 809
-269 408
600 932
19 522
-990 -821
-334 690
524 957
401 -820
-221 -387
239 669
430 -951
-824 812
34 766
854 -784
946 -227
702 229
-948 -539
620 -47
-852 -735
-262 354
-750 430
-293 -32
833 129
753 -858
343 5
702 -199
983 -317
918 826
727 397
-573 971
-971 -513
-744 34
232 -325
871 -724
544 -291
268 -524
-14 -824
963 101
-60 781
197 801
-776 -851
829 -644
807 498
630 -500
-409 395
-52 -597
914 -321
-659 -330
982 519
-410 687
4 138
-411 798
753 -36
-985 684
-597 99
548 866
-64 370
-711 7
690 185
591 -938
-445 -673
190 904
543 328
973 -105
-378 604
856 -384
876 519
273 705
-797 -507
-131 -262
-104 -589
649 -817
-106 -440
-562 -940
970 345
182 -238
282 -476
908 -179
763 733
-609 -285
-454 -925
-985 -221
-155 214
-467 266
918 258
634 251
857 -592
-24 -391
258 54
667 464
825 852
497 -160
283 -90
343 438
-844 404
452 176
-626 841
75 -195
713 -112
-726 822
-956 -960
-188 -802
-223 792
40 173
283 607
276 -518
198 778
-213 354
-315 -302
59 -286
-562 448
-669 302
649 -98
316 834
-880 530
554 716
-771 802
399 -266
-481 153
633 613
355 961
-161 -585
31 -416
-986 -73
50 -242
932 829
343 -552
-834 -753
58 60
-964 -56
-18 552
-443 203
-259 525
984 -463
-387 565
326 263
-473 -108
-328 -636
973 562
983 -406
34 -545
-734 41
-262 428
925 514
-826 318
917 497
-527 -287
-464 -354
831 -984
-262 -796
-368 356
-166 767
-345 210
-454 -498
268 9
700 177
997 613
811 -349
630 -675
-348 802
-210 277
914 1000
764 922
509 57
-508 -708
-867 -829
-384 -475
817 290
310 118
426 133
-991 -859
-793 858
-205 822
811 59
222 -448
-477 -446
90 -981
289 628
178 123
-247 27
-216 -74
399 560
568 -933
4 208
125 431
11 -412
250 -508
108 209
983 541
509 -315
-327 -280
552 -419
994 114
-800 497
-478 379
-436 -225
-873 -788
-73 -272
-832 62
197 -688
-618 -937
-626 557
218 685
-555 -701
-285 940
-226 522
150 -524
475 617
-61 108
-692 449
165 79
-668 -784
-134 -561
-208 -616
254 529
-51 443
233 485
241 198
-522 880
-943 -955
356 -117
531 426
-951 32
12 685
-145 -772
-247 731
34 301
-596 644
408 470
-971 -939
-851 215
283 -656
-393 -155
681 -443
665 -122
838 -164
-628 -212
694 193
-172 -480
-960 901
-345 -291
-640 -726
958 -959
854 -177
239 -966
428 406
225 771
786 903
125 100
-386 -349
-626 481
992 122
336 451
645 356
162 541
-670 -890
-473 -350
67 208
-527 -833
-188 -59
396 229
15 727
-740 -760
462 348
958 -878
698 -530
763 753
698 26
-109 640
643 240
258 -693
-300 400
-726 -976
788 71
-840 -319
937 422
-588 761
-823 498
-859 -406
-617 402
-89 -219
-834 711
-413 -391
-556 222
888 893
434 -359
178 340
255 -678
-668 -75
703 -303
133 -889
-114 -380
-695 -768
894 179
-419 474
248 476
-313 -312
192 -750
-367 574
77 -822
963 142
-536 902
-400 -951
-555 -154
-864 930
875 106
907 102
-771 906
-819 203
-227 638
135 -455
-901 686
15 383
703 -719
836 416
649 -935
-391 -900
-501 967
-340 643
-362 145
-981 -104
396 116
-508 436
-215 543
543 373
-187 -385
-107 -435
-999 -534
-924 901
741 797
390 -603
-186 -325
-361 988
256 166
-562 -151
-747 -210
-280 -394
-789 245
438 -96
571 -97
-896 -246
-559 -682
-320 -662
-518 467
-45 351
-17 -991
-573 -272
875 127
702 236
-69 -825
829 320
-536 -420
-712 261
571 300
-508 -595
-705 -215
-347 -581
-453 -565
-187 36
721 44
28 -866
218 55
-847 -457
-14 379
-445 340
373 843
643 11
-161 -157
137 -25
808 225
566 879
-758 -297
-749 -857
983 -803
889 -226
-74 558
299 972
53 632
264 494
157 -823
987 -372
257 616
258 -9
-24 770
-735 -352
-490 90
-95 286
950 -292
-236 -776
904 318
-455 311
-201 703
547 -590
-107 -125
395 -957
857 298
-789 -665
225 862
-895 593
-230 -594
146 979
690 316
780 -125
-867 529
856 -483
992 644
-92 -197
-650 464
973 -686
836 -319
-129 -788
-52 851
-171 635
-132 -894
54 578
178 204
-22 -324
310 -965
-412 825
310 792
72 27
825 211
743 676
-69 -784
806 -221
970 -265
660 -633
-61 -879
-627 -671
980 -624
249 -823
198 9
102 -341
-840 -698
872 -19
-494 -708
843 687
306 273
788 952
-628 -914
-491 -585
-262 -736
-559 922
-285 229
-794 -57
-965 715
-787 -608
-425 31
281 650
792 -542
696 14
-602 56
814 -786
561 367
982 -208
835 324
-3 834
-818 876
-293 486
-915 642
532 284
-367 -262
-215 -978
856 -279
-655 -876
693 171
-113 -9
-977 -339
-705 -955
-385 -996
258 -240
-303 780
-344 88
-131 -300
-482 -7
907 914
199 -790
126 60
-478 128
-800 -229
-953 12
911 -652
-420 -137
874 136
-867 126
-536 -86
630 -445
-481 -949
-756 -110
905 -303
251 -524
246 -550
-891 851
-224 711
-710 -366
-924 11
70 -464
339 -53
-859 -30
-556 791
543 649
700 -221
339 422
34 362
-138 751
-16 355
-73 342
-370 -953
904 871
-386 299
-272 383
-726 -18
-964 -114
314 61
430 206
102 64
-95 -411
-259 -998
-506 -987
647 -679
914 -491
-235 -862
-334 -921
-523 935
-988 -334
871 -601
946 -503
326 338
-789 -326
258 -811
782 -180
-960 -425
681 440
-143 -18
639 -273
827 942
955 -484
289 471
47 -250
-706 -61
-432 -783
803 -222
917 -712
-418 27
-745 636
356 644
140 79
532 -739
97 477
316 -780
-155 -267
877 -452
913 -666
26 -474
-789 930
714 791
-400 -794
743 -736
83 994
-767 -694
623 169
606 295
-847 589
-801 40
-734 171
-419 396
715 -43
-259 -882
394 -200
-695 460
648 852
881 432
-420 -639
-128 524
-670 -363
-392 -172
-468 -163
-635 -131
703 -527
530 -34
394 -116
-706 -34
992 -923
-376 -842
301 -143
-515 6
200 -616
733 73
-60 14
-551 476
333 830
-206 511
-844 573
-500 -67
261 -264
-315 -821
993 785
-100 12
-409 -988
538 272
135 -581
-445 132
-928 635
-563 517
961 -541
-847 -249
-597 144
-85 483
-496 -491
-798 114
-595 -707
-433 31
-463 878
517 -748
-132 -746
667 298
-141 419
-612 310
264 -657
-847 943
-772 -426
-340 -265
78 438
-9 971
-734 -279
-640 139
967 -541
-485 675
200 610
-8 488
-180 -580
568 186
-515 14
438 -45
-353 579
193 -767
784 -479
919 145
-383 -791
-370 -595
-420 -209
-901 -67
-675 -418
349 710
-106 -267
-392 -666
827 -60
-17 728
-949 837
-361 -879
770 873
-697 496
-460 793
887 484
-158 -489
310 -461
-367 -77
835 -917
-640 -903
-14 -976
-542 -822
241 659
722 -134
-748 414
-731 -238
-752 817
813 -479
-338 724
-793 970
375 380
795 260
521 583
-805 -283
643 -400
548 -746
539 -991
470 333
-490 642
465 -353
-376 989
305 -104
973 -192
99 -475
888 388
-879 510
-352 808
-491 389
-916 595
-582 -949
-605 363
-515 573
910 -574
-288 14
-729 15
-651 451
-176 177
572 840
458 -7
-576 445
46 -693
-464 -498
578 336
-939 -33
-96 -671
804 -426
-238 -96
-35 924
-624 -863
-687 -339
-223 -824
997 69
591 778
-210 -529
-38 226
365 -834
-651 -280
575 443
-104 -772
-329 832
808 -201
-319 -816
820 -331
126 794
-712 482
359 -468
250 -172
181 152
366 -985
-451 -830
-845 -802
667 -780
434 -342
99 567
887 402
983 147
-748 -332
-419 971
140 700
644 831
-245 -332
154 420
499 114
194 725
833 475
-73 -806
547 -837
-977 707
-851 514
963 247
874 104
909 349
-501 984
119 -510
139 -788
-260 -840
865 -513
-84 443
-269 -445
147 858
950 760
614 -791
-929 544
-155 -615
911 -61
-388 -304
979 251
306 711
225 579
-464 138
-169 -455
268 771
-172 917
-675 -671
855 -166
-69 -219
-490 728
-797 546
-734 689
-758 548
-352 868
922 653
-109 507
533 80
11 928
150 -967
-292 -931
-504 -844
135 -775
722 454
431 -985
-100 -857
124 102
817 -478
-555 -487
-114 -172
-464 -351
-3 847
-374 763
935 209
137 -276
-410 -487
342 -149
177 -808
937 873
606 384
821 346
-534 386
-320 858
-449 711
-728 -51
-353 133
-738 -553
-844 354
-455 74
719 378
462 -6
366 -742
99 164
21 -227
-335 -220
-796 86
940 904
147 1
404 -344
254 -197
-637 887
-610 -927
-38 952
-612 -694
21 -523
281 763
-166 -35
788 -984
-928 182
121 227
-111 -1
165 -869
-768 -931
-213 476
730 -803
-518 460
401 -984
-449 341
-481 963
-134 702
-923 -764
795 -609
-577 -247
606 556
-951 933
-464 -731
-106 736
-184 472
829 356
-938 633
-476 -976
-340 -956
127 -84
-635 891
843 702
-610 -604
694 -387
-505 787
829 553
854 227
465 -895
-116 -44
634 -239
-112 174
-235 -860
530 -672
257 412
440 -623
-468 825
82 998
163 805
-477 -51
-171 55
-839 -942
-493 341
78 -189
-62 856
-717 -718
-732 151
-100 970
-896 990
-670 372
-111 912
984 -214
554 319
-501 65
-216 -983
-529 754
-731 336
765 863
-131 699
-37 190
483 -220
356 -360
53 993
788 616
-230 -665
-389 791
-113 551
730 -833
-352 -99
-953 -1
569 -911
620 -924
-988 196
6 441
549 650
246 -418
512 -222
250 280
-80 775
578 896
-25 -78
889 306
821 319
-29 274
-422 755
-317 850
457 336
992 -581
-18 -80
-662 730
-928 -924
-406 102
-280 -727
538 560
-956 632
817 363
-221 -309
892 914
-972 -825
-840 -335
645 465
-386 -27
-738 -208
838 -356
-555 -90
665 -224
-88 182
-3 -805
863 -323
241 -757
-906 -216
-397 665
-332 198
639 649
722 73
-731 166
153 -409
423 770
-87 980
-376 866
-858 718
-297 403
-156 894
-748 332
922 42
708 -788
-71 539
-916 -36
175 -681
877 461
-514 141
428 390
-996 355
-79 -886
232 -342
970 -341
-818 -570
339 -955
-76 -35
144 -552
175 901
-492 61
-384 334
719 113
-928 755
177 -48
757 668
-613 -375
581 -326
430 949
-787 -581
-145 -932
252 121
567 13
-60 -76
-851 -247
638 729
-729 -541
-436 -263
121 697
-771 -234
-80 891
683 -585
-677 -343
-112 -560
718 -487
-219 -685
-579 342
-468 65
284 -390
434 -420
-929 661
-712 285
-490 950
-473 -277
-796 -360
-515 251
530 -471
202 -242
-51 -521
604 6
-389 -134
524 538
679 -296
829 -670
-236 -604
70 -30
-79 861
589 344
214 -929
861 -5
-482 1000
-280 521
-321 894
584 749
-455 -342
777 -449
326 -497
811 37
685 -320
-514 -144
147 -9
-500 -857
547 701
284 532
658 -220
-787 877
-279 40
743 -10
483 -306
268 596
-605 851
-117 -932
349 881
950 57
214 946
97 939
81 -789
817 225
-392 860
830 -218
770 154
-691 -157
865 -244
871 412
552 860
575 -13
55 415
815 624
615 -537
-372 -121
970 82
254 538
-687 864
-285 490
-158 -478
606 581
302 266
-476 -47
-520 318
535 151
925 -4
957 -454
714 -948
34 -344
566 -946
225 -407
304 -362
987 166
150 586
197 387
-924 -719
-612 -185
-747 567
-866 405
616 872
47 -502
606 421
390 619
-253 -374
970 -11
-678 -349
-583 604
-354 695
-319 -875
-756 -230
-247 629
871 115
-425 5
-377 -501
-23 901
-433 -246
146 523
-228 237
-562 549
168 537
-13 -36
311 118
-771 670
256 565
-166 -452
-553 -968
970 -733
200 -53
82 294
408 -260
-859 716
861 61
599 -922
-420 -345
629 -506
-852 -64
83 13
940 220
621 -361
-122 -184
-785 413
10 -406
-476 -691
-541 184
137 -197
639 -182
28 876
863 -563
667 95
-587 979
294 881
630 -874
621 -281
963 599
-68 -968
-288 -916
-858 -968
606 -117
125 -150
-482 -204
-9 771
140 300
301 652
-867 999
919 -819
-413 84
-332 -616
-948 799
-996 -192
825 633
298 858
-508 -989
-173 -963
-238 -881
-49 -642
634 -857
870 900
831 205
-74 -65
782 518
-527 -480
-33 734
97 -533
994 -15
240 237
6 979
-188 -357
-717 854
-965 780
437 -852
-844 -670
545 409
-253 -945
-906 398
-227 608
-361 -661
-389 957
-651 637
407 -466
884 113
-631 -264
875 56
-732 -838
251 461
727 149
-697 371
434 840
-968 216
-610 112
-527 171
-238 -837
-794 -776
55 137
-697 -791
779 824
220 283
178 -425
289 949
204 -131
549 872
-158 568
337 583
-166 -667
-143 -226
-319 623
811 943
777 -614
-52 53
-442 -213
783 -100
-580 -269
-223 893
792 315
190 -382
-473 -932
-534 276
444 668
574 -911
565 607
641 -157
718 -335
-608 -513
447 -340
-740 750
199 147
-624 795
638 138
-45 -281
940 182
543 479
-372 145
814 -301
838 -358
218 343
-762 542
407 195
427 -561
241 877
232 -306
322 428
-411 421
-481 469
105 -262
-209 887
-313 890
-559 -856
-293 318
620 442
698 -821
142 12
456 -142
854 256
178 876
-938 -622
-208 86
175 -269
-482 -372
-362 12
914 -993
992 520
-749 -1
-635 875
-995 301
994 -294
484 -538
984 -895
53 -667
821 -758
892 466
308 528
919 -539
-527 847
-8 375
-374 402
521 -520
-785 -661
820 944
99 873
-156 763
130 565
-605 -144
718 -484
-236 -706
144 -260
-13 179
177 575
275 131
-187 -137
761 159
-186 45
589 -6
888 233
-297 93
-170 -659
-939 570
689 839
437 -75