500
5000
-434 -191
409 178
279 -285
132 427
307 -199
211 -18
35 51
312 -72
335 -311
343 -311
-257 -428
-370 -303
297 243
76 -179
-80 -130
-78 366
-219 -206
491 108
-283 190
-257 -179
-125 -489
133 -82
75 371
-112 460
-222 -22
-366 -410
51 279
-58 387
275 85
130 403
-357 352
-62 -349
146 233
122 107
-475 53
-464 180
210 -275
176 437
158 1
-20 477
105 -7
466 -357
-9 -418
-294 136
216 -21
-87 -403
-249 -150
-204 5
-368 -455
338 38
-126 23
75 -321
314 463
-131 228
346 -281
-1 247
103 339
-243 -43
-315 355
-393 -454
-231 82
60 -161
263 -445
-453 -205
-414 -342
18 348
490 -115
-203 446
383 203
27 7
163 -204
-47 92
477 234
443 356
-117 157
-213 -417
400 330
-38 191
-252 -23
160 -239
206 -147
492 235
-36 102
143 -481
130 -208
-117 -235
410 415
-214 -442
241 -399
212 -72
462 96
-129 158
31 -491
-268 363
-357 51
15 -228
91 -201
130 -413
335 14
23 465
-436 62
-496 -492
-397 -72
-281 -484
75 223
-429 -397
-26 181
362 -306
-141 -483
-345 -165
-456 -251
-361 392
-340 410
43 -15
426 -384
173 258
236 325
444 328
490 -184
-274 -332
100 -349
-53 114
307 -478
-185 474
-194 367
102 -389
425 -336
111 420
-283 -50
107 -84
-36 -158
-424 63
427 -241
487 -20
54 60
-170 474
465 -360
-25 148
-264 152
-117 -311
318 -17
-272 -271
8 20
-364 -271
455 171
140 -130
173 -182
490 178
474 168
241 -13
-378 322
374 339
304 -142
433 -58
-80 201
494 56
-393 -209
193 246
360 -255
-373 -467
-295 335
-188 224
369 465
-213 266
8 -273
-116 -282
-25 379
147 -496
-484 -130
-325 423
91 101
27 318
102 -94
150 -217
-315 161
343 -185
341 -496
394 187
-397 353
197 -56
-112 137
312 -215
290 279
-359 456
-222 -446
-305 -424
-89 -497
421 -150
-37 25
-243 211
199 110
-222 -367
-72 334
210 362
152 -273
455 -426
150 -2
-7 342
124 -429
383 346
236 -285
-1 -240
462 480
45 256
258 -188
406 -419
290 266
-182 146
338 -186
145 334
-464 333
-47 -351
499 -380
220 -405
133 -452
470 -410
-125 -323
425 -164
64 310
-336 469
306 -156
-419 -192
-25 -157
499 198
-404 -223
-329 10
-436 196
311 147
-25 203
-169 -74
367 14
363 37
-63 444
-286 299
-456 -112
113 8
262 -241
-116 453
334 -111
428 416
74 466
-87 193
241 352
-486 429
-327 -128
309 -500
-187 466
90 4
-460 63
-151 188
150 -58
-325 -339
134 -63
474 15
55 -10
-178 267
211 426
279 223
-94 253
399 -55
474 -9
-419 58
328 -371
466 -248
164 207
360 425
145 -31
-195 -256
-239 136
420 9
302 -94
-226 17
310 491
487 107
-298 39
302 -49
487 -221
383 237
-270 82
64 -410
461 419
122 102
476 315
342 370
-321 -130
-316 -406
35 266
-72 -193
-355 47
22 423
81 418
180 -27
-326 -189
334 -222
310 -419
-384 348
452 -139
251 -12
299 -221
41 -312
377 -418
173 380
411 187
140 -300
410 -226
-233 308
-273 420
-11 -251
-115 -229
-267 347
-28 -274
-326 470
-141 393
-350 188
-403 441
160 -12
-453 258
420 226
-364 224
-123 -448
86 92
263 476
253 224
430 -86
351 -197
232 -423
199 252
-170 -108
65 -13
-198 184
-313 228
258 77
-162 -182
-63 104
410 58
410 -433
-125 89
211 339
190 -409
-154 185
-277 -414
-260 266
-326 282
360 130
425 481
372 -473
90 328
-202 -174
314 2
-301 -417
190 -208
383 -332
164 39
477 -346
-167 -378
-472 460
-269 13
333 235
221 102
48 228
-329 -189
-187 384
-316 -338
-116 422
318 -164
-439 -47
-237 -306
-457 463
102 291
-471 -316
-376 -486
-270 -385
192 -462
-265 177
-273 294
199 -246
-475 67
-396 38
-71 -275
477 -201
-205 115
190 33
-371 294
405 432
476 -3
-324 -390
-87 426
-20 437
-355 221
190 131
32 399
-169 -430
-457 -409
-380 -222
442 -403
-224 -491
91 -254
210 -140
-319 390
341 191
-29 193
-126 98
190 82
-53 144
-300 -459
494 412
411 227
40 -91
-77 -245
406 -182
250 361
238 -198
-37 -174
-89 -352
132 73
338 192
-79 287
-255 225
-166 382
420 315
-364 -315
411 -453
395 -183
497 490
217 468
97 -463
395 141
-449 286
-33 -84
-135 -96
-438 -359
388 -91
206 307
480 419
192 416
-3 228
49 -474
-438 -365
10 -486
-169 -252
-66 -58
121 383
-418 -61
314 -60
459 -163
74 426
22 -400
-77 298
221 -328
-354 291
-3 500
220 122
101 -177
-355 332
24 356
-315 -458
-254 470
-38 150
358 57
-161 414
-378 -140
-393 -268
-450 293
-386 -338
121 44
-366 408
-472 475
477 -309
-128 484
408 -67
-228 -50
-225 493
55 196
51 141
145 441
-274 294
-231 -304
-308 319
-371 -396
320 253
251 -280
192 -98
-397 14
-329 438
-464 401
65 500
405 -118
-218 369
-125 -452
346 96
367 -483
206 -123
-438 317
488 -145
-266 456
411 296
-289 86
278 363
-36 -124
328 188
18 145
-349 -129
-364 -109
391 -223
481 485
481 -488
356 -105
-268 214
-98 242
402 -435
473 45
-171 -112
-457 -365
440 469
338 185
75 -102
-243 -132
-7 -43
-403 281
332 -76
-198 334
55 158
111 216
330 -382
-159 489
248 -398
176 316
-270 -82
193 410
186 261
130 -369
140 -40
220 -131
444 335
309 -487
-44 280
212 -176
-151 221
451 -155
220 -324
-89 42
157 -390
157 -315
-229 -45
-184 -153
-378 -381
-287 2
485 -410
-156 -429
-349 -171
114 174
-289 -240
90 44
-159 -108
-365 -471
64 -465
-319 -364
-313 -203
360 -165
310 129
-226 27
-209 -329
152 334
-166 -50
-393 -322
232 498
13 -351
-272 465
50 -130
-441 -373
-259 419
-214 499
372 -165
230 136
489 447
134 -210
488 -117
433 -56
-355 -46
-38 -173
-324 467
76 -391
-376 96
459 332
206 -90
-378 475
-469 -143
40 -344
410 406
339 477
-78 399
-200 -49
367 -224
489 121
372 -484
236 161
492 -111
96 203
356 -471
118 -157
34 121
-289 251
-292 379
392 -262
-359 34
124 -40
241 -403
-182 260
163 -372
-479 -22
391 -382
333 -247
-185 -159
-243 388
-38 -131
-194 64
109 -75
425 261
-437 -471
-46 351
-429 143
152 301
-357 -182
197 -171
-226 65
362 249
421 312
335 -129
54 421
358 199
348 79
394 114
93 -254
-418 102
-273 428
221 357
422 304
67 -55
-182 -452
-266 -107
407 -285
192 176
-85 -74
338 431
-355 -60
-63 155
388 -433
417 88
367 246
-486 186
-401 -411
276 131
212 176
-205 -4
-469 194
385 224
282 -39
-7 30
-184 107
483 424
427 119
-291 -208
114 236
-292 -77
-26 -128
-129 -342
192 437
27 199
-36 -154
271 -244
-324 -84
-345 375
67 39
489 80
-355 -270
416 494
-88 353
-161 -189
353 -378
-215 -459
-87 362
-288 209
-292 444
-92 114
-167 391
13 -241
-95 -293
-357 -192
-361 -68
-434 -447
-254 13
309 455
75 30
-325 66
387 374
-204 -399
491 -414
473 434
-141 -42
174 357
-424 -11
245 307
459 -451
210 406
176 -206
191 4
100 -369
446 3
140 -395
-188 400
-269 78
488 42
-373 -424
143 457
410 98
-79 -65
-364 -344
221 135
-434 -479
410 417
363 64
91 -431
383 -496
-202 -320
101 -378
240 104
61 -28
27 -59
-77 396
406 472
-151 -363
-366 -22
-434 375
97 -109
-300 135
113 -182
415 -289
90 -79
-200 -254
442 -95
234 -472
417 158
-46 -350
-94 365
-188 -290
358 -22
466 231
40 173
-340 119
-268 -413
50 213
258 -124
16 -224
-378 49
-472 -46
221 125
175 245
494 -151
-161 131
103 98
-136 -379
119 -301
30 411
-202 344
6 -208
-257 428
-87 493
-340 439
-87 5
186 -14
-243 170
121 146
32 -113
-418 164
-89 209
107 -445
-386 60
-123 221
189 498
-128 297
489 444
-227 428
49 262
391 32
381 448
12 274
-376 -120
-139 -60
276 100
-231 -449
481 -73
297 104
351 305
-244 -196
250 -117
-326 -219
-254 -355
-11 -443
-479 -273
416 -10
2 234
-265 149
-486 -457
-162 123
-396 -93
398 -301
69 -465
109 357
-413 -71
-293 -121
302 -364
-404 -214
-475 -473
398 258
12 -106
-168 -278
-94 155
-95 -269
124 147
318 306
409 374
261 -481
337 -253
303 -16
483 143
103 -90
90 -125
-62 -354
-72 -237
271 -301
-349 3
405 321
-112 64
-283 59
164 273
-79 358
-396 -352
-62 116
369 -470
18 485
24 354
492 -452
417 46
191 265
45 189
433 472
-349 -431
351 -403
-449 -444
-72 -460
-344 -203
100 491
335 -109
114 68
-355 191
296 41
-203 449
-84 -243
459 -281
391 -212
241 23
-283 -68
-162 100
-171 41
40 -191
175 95
119 254
-457 359
-413 131
369 173
470 -481
-274 494
-4 -248
-195 -11
174 -419
406 57
-161 -215
-286 139
442 196
-135 405
-142 -464
56 -127
-184 360
-274 -300
39 -429
-112 396
-188 -323
-272 157
173 -391
383 -79
-200 -197
102 -26
-159 246
-9 -442
-249 -126
-117 432
417 303
119 -89
494 364
493 -120
-305 174
113 269
-177 -280
367 338
69 311
-129 -245
56 34
-21 476
103 358
442 -60
-412 -123
-44 -94
497 392
-350 461
-204 -39
173 270
242 -236
-28 164
149 -494
-283 -473
-434 393
-382 -95
258 -203
18 178
8 426
-167 407
-326 418
-404 261
-331 442
-161 433
-98 -175
-224 -499
-291 -54
-368 137
-95 389
405 498
15 490
374 320
-156 232
-167 -318
-403 -321
253 -347
-496 -390
318 -142
-112 344
65 362
113 -256
-116 -435
-25 -266
-390 448
400 -43
-471 -249
-453 381
105 -459
446 -360
149 358
-5 -118
-172 451
196 -213
487 -183
186 272
405 -11
103 -119
-413 -153
-200 203
425 -98
101 498
-325 -281
363 -443
440 293
76 -95
-450 -299
-224 438
236 -209
57 -424
241 -372
421 -168
221 327
431 495
387 249
481 -157
-289 -432
19 -218
50 262
-457 108
466 -95
488 162
444 -400
328 89
-21 -280
-36 -135
375 -338
-148 334
-128 -351
348 219
303 145
90 258
-68 54
97 266
-384 -94
379 -25
-218 342
-439 -257
-219 277
-401 -348
130 -159
341 462
-84 -14
426 -303
83 -127
-227 -260
-110 12
-265 177
369 -346
31 -15
31 239
335 74
-436 -89
400 278
-88 -484
-161 435
-79 -313
-294 264
-209 383
-370 -96
-457 -163
409 497
463 211
152 -246
-120 -84
12 -333
155 -145
482 229
140 -412
-167 -197
235 -400
360 -491
311 -318
207 -283
262 -322
-496 -17
-460 293
190 -350
317 -227
-472 269
91 96
-349 350
263 -82
394 313
-418 -372
-184 -464
193 117
377 351
-277 254
175 494
-171 372
-393 66
-281 -199
446 239
-272 452
405 242
175 200
481 222
27 284
-498 280
48 275
-396 -109
-277 270
-7 -172
-172 -212
-249 -416
-448 -455
-7 149
-316 101
425 -223
-162 -19
157 -78
-257 -109
-450 393
318 -299
91 427
487 -251
6 -332
73 78
-99 -364
-154 83
196 -149
-178 -257
348 -454
-120 85
481 210
-344 -377
-496 362
391 85
-26 -471
276 -449
-115 268
-141 466
-283 -254
458 210
-434 219
-321 -448
491 -329
216 60
-148 -193
493 -1
330 -132
-25 266
-453 -380
-79 -247
465 -92
-139 -293
100 -32
-80 87
-283 -268
432 22
189 -66
-301 -189
408 -161
-496 -337
442 39
-70 -17
263 -495
262 318
35 409
-268 499
-77 124
481 -232
57 -363
-324 -446
409 -375
290 -180
-259 87
-403 -331
-229 11
83 222
-195 422
346 -234
52 -399
102 407
183 -297
-66 -103
50 -43
-350 36
-33 -109
175 75
81 135
-9 -158
408 233
130 -339
-1 452
-94 267
-345 72
466 252
432 135
-450 250
417 480
369 20
296 345
442 -488
499 -113
122 -105
-167 342
73 -215
-204 -431
339 -321
477 482
-222 -425
-479 -85
-373 255
-239 -3
32 -156
91 -90
207 339
-464 242
451 453
-418 -249
-46 145
440 -269
49 -68
-437 143
489 48
304 404
236 -409
477 191
-244 163
-108 -301
-177 -56
-156 -417
208 -115
76 -53
-365 -137
-165 328
-47 -141
30 151
56 235
451 100
-166 148
-228 -15
-277 -488
343 -142
196 -451
399 -451
372 174
211 -156
445 -452
304 407
190 368
-194 223
-244 370
-435 -387
-484 -475
-44 -330
483 313
-88 209
-165 -218
212 -115
232 -204
391 -460
124 -5
-11 -106
-77 -23
-321 41
-195 -495
-84 216
-87 -81
-244 -495
-169 -303
-72 -329
-350 235
246 269
-11 -498
86 -270
-295 -344
105 381
406 -93
-376 -51
234 390
-205 -177
-148 226
48 -207
-92 -112
318 146
-323 304
322 -342
433 138
-316 205
367 -431
497 -493
-429 140
-293 -431
-344 -209
-120 354
-71 -75
-85 219
-349 -381
-46 -1
-117 -261
82 -165
-141 436
19 440
83 -403
121 32
69 -156
-289 483
-5 -414
76 187
-222 -267
307 444
157 -348
332 100
103 297
-213 3
-287 -295
96 267
432 325
483 -350
96 121
232 -389
406 -438
-223 -299
40 103
395 428
-326 -261
-257 203
334 -482
-139 230
-154 460
190 287
-478 -283
470 -483
458 -308
-486 468
-9 -247
-178 81
24 -361
-227 197
-449 465
-63 -433
-321 -304
-357 482
-449 342
379 -218
143 -178
-59 352
155 97
105 191
-496 391
318 195
377 174
93 92
-471 173
-284 142
385 -170
118 -440
190 -370
-187 7
82 -402
411 240
-92 -385
483 -61
-373 -132
-148 75
-469 -79
485 -434
422 -432
-355 236
-129 363
-204 24
-71 -106
493 -481
-171 408
-78 -420
-331 -34
304 -48
314 101
153 -437
-1 -26
-63 -417
193 472
356 180
64 256
152 134
143 -333
494 399
-46 32
-269 240
-166 -381
-169 -95
-259 -382
-344 -417
303 212
-308 257
406 245
230 -486
-131 -462
276 -178
48 319
493 -61
379 -161
24 71
451 -465
133 -101
-286 -180
388 346
-496 -315
-365 -42
-305 -289
-95 -239
75 474
442 340
102 153
-404 -209
-259 205
360 293
191 361
-229 -135
-397 73
-438 -398
-259 -377
-80 101
152 -63
241 -491
446 477
-148 -478
103 -221
-414 254
246 83
216 -148
236 -288
-3 -350
24 -110
275 390
-264 54
155 -304
45 48
17 56
-224 -78
163 151
-94 387
343 49
-291 187
-214 -148
-324 7
69 242
356 330
-218 -180
-325 -162
-484 -213
483 -175
81 -152
-123 315
-389 211
160 -444
-202 -427
-177 -53
311 308
302 44
-95 80
235 -74
-72 6
-382 356
279 455
467 -223
-37 -255
6 465
19 201
73 -255
-316 -494
-277 -267
-184 -426
138 -393
111 -77
-123 276
-33 -479
-20 338
468 152
487 322
-184 -488
-200 -458
407 -416
-495 -201
51 218
64 -320
-63 42
296 222
-169 278
52 380
-357 -342
-70 -153
-344 -311
351 472
459 27
45 -422
362 109
145 59
263 378
236 490
16 141
-71 -440
-269 224
-291 -330
387 189
-313 91
-413 496
-340 -17
332 21
-293 344
-42 -209
-5 147
485 125
-308 246
-141 -427
-162 -129
192 -333
-419 41
410 -433
-139 -160
476 318
-272 -54
430 210
6 359
-28 338
362 -383
-170 -113
133 154
10 -119
127 -305
482 -223
369 476
-397 96
81 -37
102 -348
335 -178
-129 -229
353 236
211 -3
303 311
133 405
-266 -448
-53 11
395 127
-223 83
451 -313
-486 8
-222 -401
17 165
32 103
-345 482
105 85
-365 -44
-456 403
-486 42
235 126
43 367
-292 193
-354 12
34 -334
-239 -465
-414 212
385 -218
160 472
320 -396
86 -116
13 180
499 -16
73 499
422 -55
248 -500
-294 -207
19 -475
465 195
463 3
446 -493
74 -62
-84 60
155 342
261 380
-478 -106
24 102
-429 252
445 -482
392 -174
-352 -103
-62 242
492 485
-218 -139
-200 326
101 392
-95 478
-63 291
276 289
49 -471
431 459
-272 278
346 -207
312 346
-195 -355
279 -182
109 -490
-4 474
-371 31
-36 -404
196 -85
477 -289
490 422
445 -421
157 303
245 -50
100 -85
-352 383
-70 318
61 -60
-125 -201
465 364
363 -151
-295 198
124 24
276 -309
-205 428
15 113
-129 302
467 -308
461 27
-354 -6
-486 59
175 -223
57 355
-42 -238
212 153
-336 473
-42 104
320 -477
304 14
445 87
-274 -156
-205 -372
-496 284
-247 -415
16 120
-148 -173
-301 168
10 -478
-368 349
-151 -143
-25 327
2 66
-244 479
455 499
-25 -343
398 482
-380 31
320 -47
-393 -305
48 -103
-42 -350
443 408
-413 -416
-450 455
-267 456
421 168
493 97
57 301
417 94
-390 -432
-424 -295
190 173
152 -369
212 293
442 257
190 63
-71 66
-298 1
-59 337
-464 72
65 -9
-214 -266
490 -435
164 -229
152 357
-316 175
426 -186
-244 -486
440 435
310 -471
-116 88
-368 203
-129 178
-25 310
299 -446
-94 -153
304 -61
-125 -228
-456 -458
113 201
51 -151
-203 -343
-340 116
180 -344
-172 -331
83 422
-33 462
276 -422
-28 458
49 461
138 -377
103 135
-136 -481
333 -123
51 -468
491 -187
442 103
199 123
333 -404
193 68
-184 -85
-231 -61
144 -467
-89 -440
-156 -284
34 -247
303 108
312 491
164 -109
335 -165
318 -173
309 -432
-438 157
-269 -424
253 168
421 -69
-429 -171
-396 284
245 -406
-355 -129
-418 75
-313 397
107 -413
158 74
-349 16
250 452
-438 193
-237 485
-449 347
335 -212
-128 -94
-20 -374
455 -40
8 453
245 51
374 399
-274 240
51 -403
-347 -144
145 -210
90 -409
-441 91
-280 306
-26 130
307 452
236 435
-38 -144
111 298
363 -428
-269 367
-357 -398
23 255
-316 -317
-259 107
-123 245
-324 -428
16 -95
-110 326
-187 395
234 -65
-142 26
446 -468
196 311
330 -492
153 -362
420 187
51 216
-376 -291
-20 337
416 134
-289 -395
407 250
369 -371
416 451
124 -419
-294 20
-123 -200
-7 -344
-319 189
-116 107
30 -479
134 -63
-313 -264
-25 136
339 -447
155 452
405 51
262 -333
-423 298
-419 -48
236 -281
30 -258
186 -82
-419 429
-260 -430
333 -118
-438 72
459 -344
86 -357
-201 298
90 131
306 116
-166 -465
-71 327
-151 -21
-460 -206
-280 371
-327 143
-325 -53
6 -224
236 -358
-380 335
395 131
-28 27
189 -483
-129 -42
173 412
-295 -150
-397 299
421 456
-255 84
296 -200
394 -449
334 -376
2 455
487 452
-357 68
60 -311
317 -211
6 4
-4 94
262 174
279 429
6 -52
90 189
-94 22
-222 49
275 253
-259 106
427 261
-53 288
455 -218
333 345
-382 260
235 -261
183 171
196 407
121 -214
459 468
-172 -479
-397 363
342 384
-344 271
468 138
240 406
328 289
-359 228
399 53
175 1
-500 276
119 -22
-254 181
-347 -67
-129 -434
127 -171
102 121
-321 -218
192 366
271 445
-125 425
-131 -295
56 499
-89 -319
377 -262
16 -427
310 -283
-423 34
75 29
-404 19
-284 -332
320 329
-329 320
152 336
-25 -306
360 -12
19 -433
242 241
-486 403
-316 391
422 371
-42 11
339 -59
351 392
-267 -432
422 214
-284 348
-182 326
-99 405
-325 174
452 -347
388 136
-198 -113
192 456
-203 -264
152 -288
236 -414
-202 106
-441 -216
-37 -71
458 258
285 210
-436 -460
-213 325
463 -45
186 433
310 -6
-172 -325
488 -217
118 -252
374 101
446 -49
348 65
83 59
-125 -325
420 285
253 450
190 -402
250 32
-272 -129
-283 -395
39 252
132 283
462 157
-116 -391
-247 -488
304 -10
-301 -172
415 -25
146 489
90 -484
-26 -412
236 407
406 -109
391 -449
-129 384
190 -198
-184 165
-120 8
-401 -210
73 -199
238 29
451 -146
399 177
-159 487
57 -44
-33 -116
-397 405
17 -7
15 -117
-184 336
-72 149
-126 271
297 -260
-195 -131
338 2
362 -427
430 461
-347 -263
8 477
-390 -203
-294 165
124 -492
-340 339
375 44
342 -105
-88 -494
417 161
132 -180
465 -405
-68 148
322 270
-280 -213
-129 -61
-29 -258
-58 -442
-364 -146
8 153
-354 448
55 279
314 -329
-233 97
-277 -344
-104 194
164 402
405 346
312 -321
-71 -198
493 80
428 232
-99 210
-123 -279
-269 193
155 120
-125 -33
242 -106
-486 252
320 -191
330 192
-324 422
406 492
140 -210
410 -424
-205 419
253 209
-1 224
455 342
-110 -469
65 -284
-70 307
-66 176
-165 -461
-98 225
-352 338
395 285
181 346
67 -474
43 -479
31 -220
17 -59
-413 6
462 -486
443 -286
-368 139
398 97
241 441
433 -409
-136 489
60 -221
-94 -284
-255 -155
-125 -114
338 -268
-178 296
-87 -460
-301 427
93 404
440 53
-136 -464
-389 495
311 -297
19 -358
240 406
-384 -174
-287 -33
55 -389
30 154
-355 -72
-141 -400
27 283
157 -363
-14 -497
-237 40
328 243
-293 146
32 -298
487 -473
-229 -55
246 387
-129 211
83 -335
133 162
-273 290
-77 404
-177 247
-439 -56
285 139
402 -417
499 -314
-291 41
-70 -419
-165 373
-203 453
186 -10
-364 366
-259 -461
-472 -32
405 -450
-393 375
-266 -382
-203 -218
242 -39
-215 366
134 -298
290 408
212 -81
-413 47
114 78
491 68
147 150
-26 -85
415 -391
101 -496
39 -44
158 81
18 437
-136 -455
442 485
-257 -22
160 189
481 145
411 -114
32 -415
43 355
-108 309
-78 -280
43 -412
-222 -390
43 500
499 -99
467 -68
351 408
-126 -59
57 -360
100 -22
-274 -475
74 -381
-434 9
96 344
-380 -4
425 114
230 -294
-80 289
-7 392
394 210
-166 213
431 -444
-319 -293
494 -269
-359 241
196 82
-354 -72
176 -111
-249 181
-28 330
341 -434
480 61
56 228
-323 -334
6 459
235 203
-436 -217
455 477
-413 19
377 412
-213 -98
-315 326
408 -440
61 492
158 466
124 292
51 500
144 -391
339 306
-255 -304
-349 313
263 8
299 139
362 303
-223 178
196 112
362 -58
-423 265
-371 62
-436 -470
489 -164
-265 -177
-404 -400
12 -187
335 -336
353 -457
-162 -226
-469 358
490 273
-265 -382
-178 -412
102 -7
-498 233
133 256
155 18
-365 228
374 -186
-254 -401
2 440
134 -104
-120 341
-87 -51
174 -242
481 -401
430 -237
176 -403
-453 -232
-137 128
245 479
27 -328
175 165
-218 -89
445 148
339 -460
447 -23
69 402
-414 -259
-496 -64
-21 125
-419 -149
402 21
-25 240
133 -431
-185 300
19 114
489 469
466 -485
-128 -14
-228 -257
-166 -422
-257 248
-129 -107
-195 -166
146 -105
303 90
82 -48
251 -52
256 485
-172 312
-170 495
337 -344
16 51
363 -436
-254 309
111 -397
-170 15
-289 -193
65 -43
307 -243
-247 -202
338 -255
482 151
181 -336
428 -305
134 -314
388 458
-80 500
-382 -124
-450 422
55 -254
-478 -397
64 85
-450 197
-292 243
310 425
474 454
332 -451
416 -92
271 196
65 -392
81 493
-500 51
-264 395
383 172
-403 108
100 79
-26 -398
-498 72
-202 -275
221 -175
-213 -111
346 224
395 200
-257 -74
-4 67
-227 155
492 323
-110 -236
193 167
432 -243
490 375
-231 -148
82 80
314 117
-345 -399
27 -279
-500 -73
497 -295
91 -118
-72 -69
81 489
405 154
-94 -369
73 -32
-11 241
-136 -212
160 -50
-178 244
482 152
-46 169
-177 -98
485 292
310 -479
55 -210
-169 -352
211 -9
-313 8
181 -209
122 219
-305 20
433 -164
145 273
433 25
446 259
417 212
-112 94
-177 11
379 371
320 -51
-219 -483
278 497
333 197
399 182
-151 130
-435 230
-344 -329
-203 -342
304 360
34 -12
346 -411
208 382
-80 -486
216 372
-156 6
-429 -252
197 4
35 -242
176 -81
-123 320
-1 109
43 -169
164 365
22 374
-283 -470
-288 -466
124 327
385 -446
-378 111
-389 104
339 -246
-171 108
-287 -285
-178 -249
-331 474
-460 444
-161 -51
-350 -339
50 418
493 -294
-441 -340
152 191
481 -468
-495 476
175 -348
221 473
-456 188
-389 -159
91 484
-272 -360
-25 118
374 166
408 -109
197 -341
337 120
27 189
41 -102
-294 223
180 123
363 -202
-59 44
-38 73
499 178
-204 218
311 141
399 371
275 460
180 -204
-62 -270
442 486
193 96
-289 -285
-84 115
-424 -410
302 117
-141 96
-429 69
444 -411
-495 -413
210 -297
-179 -103
333 -450
398 -194
-396 -241
381 162
356 -195
48 468
19 152
-450 -75
330 -295
-266 357
-108 -32
-315 41
-188 -391
405 416
322 8
387 -439
-194 437
-77 27
-365 -15
-384 138
134 -431
186 97
-11 -23
459 161
-382 -124
430 -228
-281 347
353 -374
279 36
312 451
312 -214
-233 471
408 -131
-78 271
-136 -248
328 320
245 -256
16 -324
307 -54
-315 -216
-313 -441
-496 -58
-108 -263
-188 -481
444 -123
-373 -151
-259 271
-227 -224
101 -123
-295 498
271 463
-435 28
302 418
-20 120
-496 453
61 200
10 404
192 181
-418 289
278 -444
-116 267
-419 310
-368 -136
425 432
-63 -187
-255 86
52 -118
175 -99
421 184
318 -458
61 136
65 482
175 69
-68 -204
-200 434
430 360
-213 -260
-249 -194
353 12
-233 52
493 106
35 -151
482 -445
388 156
263 486
127 -55
-435 -176
-28 87
-84 241
8 -89
105 293
-243 -126
312 -277
-237 200
-321 -485
-219 273
102 202
-53 248
242 94
487 396
-9 -370
369 -233
124 206
-185 -490
180 389
473 -207
-359 355
-286 21
-87 499
145 483
186 -138
446 445
-326 -226
160 387
-329 -417
391 84
-500 126
468 -174
307 -273
191 59
97 -392
-293 452
76 109
197 -244
303 -81
431 269
175 253
39 100
-326 88
330 -462
369 80
483 154
97 -296
497 -345
-484 405
54 -166
-161 -105
160 -372
-448 97
-265 319
-78 304
140 53
400 -271
27 -320
30 -124
400 256
149 -500
346 330
-500 -172
147 246
186 481
93 -310
296 159
-479 312
-44 -93
-182 218
446 -423
-237 263
186 -19
310 392
459 -439
261 83
-26 -384
41 99
477 -372
82 -342
443 -395
127 201
-5 353
-323 209
-295 -228
487 -181
-396 -6
55 -156
176 -351
132 -155
-390 -497
174 -190
-198 357
-429 -336
322 -400
-177 127
387 456
422 -307
-270 118
52 131
461 -202
127 397
-70 283
360 239
-184 -338
432 -97
191 -351
-352 338
73 74
-28 441
428 22
-58 -282
-87 -246
-267 441
-255 -99
211 383
-170 -239
-218 463
385 78
-265 445
96 -374
318 351
271 -289
-166 -263
461 -479
320 261
-272 -121
-247 21
367 137
-120 -147
-472 -187
-327 118
100 140
318 -37
193 65
-336 88
17 -477
407 102
-168 392
-167 -159
-437 26
-11 416
-215 -83
-79 -129
383 -255
155 -227
-185 234
49 408
-323 -308
-496 -414
421 114
41 424
-498 155
119 420
-177 172
242 -391
-9 -168
-224 278
221 176
-498 348
132 -108
41 -239
160 -120
-281 143
-453 -462
310 393
83 85
-323 -422
220 419
-21 301
-21 -369
-125 -174
48 -34
240 166
492 -388
56 -411
261 -250
494 -123
318 -17
-418 25
-226 -181
-178 171
-123 -215
275 -198
81 434
82 -263
-182 -52
388 -116
30 185
176 312
-139 300
334 -312
140 -144
263 162
425 409
485 172
-218 380
-357 -410
-188 -263
24 -22
409 201
208 359
362 -336
164 -344
-345 -42
379 398
-99 183
-213 331
432 -54
388 302
-365 496
106 103
248 -393
369 -72
31 279
-292 457
-182 -428
-28 -470
-88 -226
176 393
-9 -379
31 -305
-366 -85
476 118
276 316
485 -393
-350 -408
297 329
-264 253
235 -334
-368 387
150 -109
-378 451
35 -458
398 -34
-319 -27
-424 184
-471 465
482 117
388 214
191 105
158 -184
481 -205
-239 -477
-63 -224
-14 106
60 -437
-135 -416
433 -97
67 -180
-185 325
245 -341
101 -460
32 118
-172 493
-161 167
-293 371
-237 274
39 2
-88 416
93 150
41 -158
-116 154
140 -467
140 -434
-3 484
27 -83
-323 479
-225 91
405 -476
83 449
51 -327
312 -230
-77 119
409 285
-456 -487
-347 499
-429 -250
45 -397
279 417
150 -286
-204 92
338 -406
-292 -468
140 -123
468 -473
-450 -340
-129 -246
-280 -167
467 -454
64 -76
181 74
235 -233
-326 152
-204 -497
466 -11
145 312
180 -267
-84 -96
174 339
455 5
443 239
-315 448
480 -367
31 -476
82 -366
333 -196
-213 449
-28 -67
-382 42
-384 387
-412 72
175 -2
160 106
81 -9
23 -87
493 -395
235 -126
81 -6
-161 398
50 323
83 -77
-224 110
-70 -31
-324 378
-478 9
127 212
49 -329
-28 325
409 -441
-457 -159
-4 -251
-325 -280
-129 223
-254 -114
-347 358
91 -76
411 -36
426 140
-291 114
-323 -448
367 -459
206 -319
-496 370
-5 -274
383 263
-5 -414
-94 -35
341 60
-84 -270
296 465
-364 -53
82 -496
105 234
360 324
394 1
480 349
-273 -182
61 288
-266 -363
408 -310
100 427
406 28
-355 323
234 181
93 -4
-345 412
333 -208
480 175
-85 48
358 407
-78 419
-136 -49
-368 -107
16 -277
186 -109
138 -272
242 -499
-471 107
52 -39
353 -489
234 265
111 452
-20 -282
-226 -381
15 -193
433 -382
-273 173
-272 -453
417 11
-178 -259
463 49
-376 -454
31 -284
285 -211
190 398
318 258
-148 304
-187 -467
143 421
253 -437
278 327
-154 315
-20 231
-273 295
-178 219
-359 -303
-151 -58
491 -405
105 -287
465 273
-378 157
485 480
-500 -282
236 -214
402 -298
-148 277
-287 -32
-471 435
408 143
-85 -355
90 -137
334 56
-326 411
-139 492
-112 -487
405 -357
74 -69
54 126
-94 -407
337 -10
160 229
461 385
332 -330
-252 -51
-135 -401
-78 -14
-47 345
74 483
12 -314
455 -483
485 -96
-434 -100
-205 255
408 39
-94 93
444 -2
-247 -10
330 158
76 289
6 362
-59 1
-187 169
55 -450
143 309
296 92
-203 114
-457 -247
-1 281
60 45
34 405
-243 -93
339 315
458 -193
118 -396
23 -407
-136 183
-80 293
221 -417
-168 264
-28 261
476 413
-404 -413
-324 -306
428 160
-77 -318
140 229
467 -97
353 -24
191 -396
238 -321
306 -209
-92 416
467 -492
-59 -329
481 444
-21 331
342 -420
311 164
111 483
358 113
-269 387
81 331
-439 -336
181 -75
-268 -91
406 -481
109 236
428 -330
-277 -352
-117 -245
103 -312
-25 -234
379 -489
335 175
372 -83
124 -148
-63 -137
31 282
111 374
-137 -246
212 -371
-25 47
-167 -499
34 7
193 -73
76 -333
458 449
385 -336
-252 480
-229 -167
415 -493
-167 -475
-26 375
290 -383
-315 -232
-396 -358
302 -388
490 353
-225 -314
488 -324
-479 -395
-89 125
74 317
-441 343
-98 -137
-249 -458
-222 125
493 22
158 187
338 -222
-172 114
275 6
81 -493
-62 -14
-288 -103
30 -269
342 -283
155 176
75 223
483 246
427 -258
-390 395
216 375
442 21
-498 465
-345 -438
40 90
164 -214
160 -254
-243 224
483 -273
348 -202
242 79
164 150
-323 89
-366 -264
387 36
103 230
-92 404
415 -233
15 196
19 -400
-298 272
-84 474
31 -214
130 323
465 -389
97 21
343 411
-269 440
318 -424
48 -374
221 28
-294 430
-151 -155
-136 19
-159 104
481 377
23 470
216 369
-287 261
-98 346
351 -41
43 -353
299 -68
-401 -426
369 385
-344 450
-84 -499
430 -431
-260 67
-273 376
369 -470
-28 80
100 -28
43 -280
240 10
-154 170
328 -185
-315 137
-273 138
493 433
351 -405
432 300
93 229
43 -138
-437 146
-368 -83
143 -78
-414 86
251 94
341 -178
40 -19
-457 152
278 35
492 411
149 -292
119 2
134 436
127 255
379 443
-63 -5
-371 -2
109 -35
-9 46
377 -221
-327 203
-300 337
334 50
356 -229
489 189
-116 14
353 227
236 -449
297 131
-94 -280
34 472
-42 -179
149 262
-21 164
-298 -332
337 -12
145 -376
-500 402
353 417
41 -270
235 -289
409 -383
86 -16
-357 490
279 183
363 -300
346 -455
481 9
381 -238
271 -469
186 239
64 481
-305 406
399 180
-205 349
83 313
74 -272
-345 361
-378 -411
432 -491
416 138
-38 406
-226 7
-329 282
101 -227
362 -454
-355 137
140 -490
285 126
-9 199
105 266
236 339
-169 -350
463 -69
304 149
69 361
127 -479
-298 -409
-267 429
337 -44
360 449
407 -139
440 -302
-11 53
-200 -214
-29 -12
-159 453
246 94
6 203
299 -133
-171 232
351 -118
144 321
493 -432
-42 -220
405 394
-268 71
360 490
-92 305
111 -188
-298 127
16 -422
-359 -161
-419 -213
385 -331
101 79
197 402
-20 -74
24 -449
369 -215
398 190
-378 -58
69 372
483 331
17 441
-274 103
420 -446
335 -140
-80 -431
-319 175
-188 -102
483 -71
-259 55
81 -208
208 434
-453 309
232 -468
-429 409
-46 237
487 -2
-393 -228
477 -353
-386 65
-460 302
282 169
234 -60
-46 -253
-280 -44
310 486
-194 -11
-438 -209
-316 296
477 387
-200 138
-58 73
-273 -42
51 177
-188 24
-255 -485
-123 -158
-496 295
392 157
-347 319
-63 460
30 104
220 235
338 425
251 -162
-3 494
363 -474
-270 42
-456 124
372 -184
470 145
-14 105
377 108
-313 -248
-169 -303
23 398
451 -60
51 -380
240 319
-475 243
440 431
408 -73
488 -454
183 479
-209 -368
-135 400
-361 -500
-185 -343
132 -393
-47 318
-72 -107
446 144
-62 318
-386 -284
446 -454
181 438
60 499
-495 415
-254 -438
466 279
-214 -147
-295 -78
303 422
-204 298
320 166
343 -107
-161 437
339 165
113 -401
-368 226
190 -101
103 -71
-66 -307
64 92
468 154
60 -464
-376 -453
-108 -286
-347 -489
-393 -379
235 -54
34 112
337 -246
395 465
-33 402
121 -367
-33 -295
90 -450
-366 148
60 279
158 -328
-266 288
90 -410
-168 343
-412 -302
307 -158
127 -292
-349 63
-396 -467
-227 251
-159 99
341 -383
-71 26
430 488
76 -63
230 459
425 250
430 -243
-3 -491
-345 86
398 163
296 338
320 -190
-345 -291
-412 238
221 -322
491 412
443 -437
-264 -320
19 -410
-259 48
-469 451
-170 -127
-300 -94
6 223
-99 204
245 -189
118 -410
276 228
433 -195
74 -171
-227 447
-295 322
-308 80
-424 -361
341 25
146 -485
-331 106
-498 349
480 -317
427 -180
-37 141
-284 237
-484 -421
32 -135
-239 56
-283 12
-194 28
81 -276
97 -5
493 -392
6 -301
-393 -425
23 -449
-500 -396
-44 398
31 -476
-277 -408
322 -127
-316 -88
54 97
282 -434
312 307
149 -203
440 179
238 67
477 440
134 -99
144 -148
-378 -35
-247 -305
199 -236
101 221
160 458
69 -463
-37 -141
176 -468
-344 391
12 -192
-63 -242
83 143
317 355
462 488
50 63
454 328
176 -429
-172 421
-281 319
153 349
-412 -320
279 -171
106 87
-213 323
-94 -201
278 142
57 220
-148 77
447 52
118 -494
143 -449
-71 36
-247 -433
143 269
-80 -200
76 66
-99 -49
246 445
216 -498
211 240
432 -310
52 -386
-167 261
454 129
-201 465
258 -394
402 -408
127 -135
-148 365
-267 446
176 328
-438 351
-178 -186
-161 162
-14 -76
312 382
367 246
-324 78
-324 -493
-316 245
191 -63
279 185
-182 100
-200 141
-287 328
394 -339
-46 339
487 29
-327 292
-321 -447
497 -89
-179 107
150 -192
-87 180
-472 181
-403 357
-347 155
-437 246
-177 -144
190 -160
279 -267
8 39
65 -365
-376 -88
-85 -341
338 114
49 468
96 -28
96 32
263 -79
-270 20
-128 5
490 4
160 -462
431 -162
322 -473
-498 203
303 -42
147 418
276 154
83 433
73 331
-316 -76
183 -496
482 -297
431 314
488 -5
-323 -77
253 -489
388 -240
-126 113
-295 -156
-403 -94
-329 -33
285 -430
240 -435
91 113
-26 -228
497 -447
-475 -364
-350 303
-286 278
-171 305
-161 -492
97 284
-293 -176
470 -298
-38 106
-393 -127
451 -334
-352 -197
-237 -386
-94 -7
-141 334
462 -54
-243 26
388 -116
-449 -34
-254 427
400 353
113 322
248 478
489 -67
-281 449
-349 -186
2 -85
-161 -264
474 473
-376 493
56 32
-141 -285
-92 -300
483 100
451 91
140 344
119 -276
360 41
221 -19
-434 91
-117 419
356 421
258 -257
191 198
-396 482
262 -257
351 73
-319 -19
181 -472
140 481
97 -363
-316 201
462 438
8 -463
447 -227
408 -456
409 263
379 343
474 336
-441 54
462 -301
-213 429
111 155
-126 67
45 298
193 -358
398 255
-36 -250
410 488
10 -73
190 90
381 446
-42 -15
-170 452
-386 -260
406 284
-287 -291
34 78
-29 80
-169 121
-214 49
-141 290
192 8
-500 364
12 -122
24 -143
65 -402
379 -8
-435 472
445 -134
-418 -57
-323 -162
-419 -147
207 -16
299 171
-87 -54
-436 -302
-129 -91
-135 -193
-287 -165
-300 358
96 -189
124 -132
19 40
51 -489
150 199
339 -189
-47 -232
377 -373
-202 -139
468 -72
-29 -146
-42 400
356 28
-389 220
-228 439
-376 -103
-293 -153
-62 -263
102 -127
-284 -142
-260 130
106 116
173 -453
91 -233
310 -494
113 28
-326 305
399 -257
-457 54
-5 361
-287 -214
130 349
-281 -400
431 -391
279 454
493 190
-437 59
483 -83
146 -143
-159 182
155 471
-26 253
416 -92
35 415
211 -234
-26 189
-226 338
-215 -38
385 192
-386 377
-384 -363
-264 453
-198 -277
-162 175
43 241
-336 123
-151 -197
-159 -247
-112 176
2 -76
175 153
-204 171
106 -27
-184 -208
49 62
422 314
303 479
-331 -177
467 318
-284 -105
311 -391
-85 80
499 -287
-291 81
212 236
-419 186
-347 362
-108 268
-135 -211
363 500
81 136
-222 -157
-478 -146
452 -52
-28 -12
-419 -310
-378 -97
-347 -41
109 -199
-423 453
-108 160
152 457
-117 -285
-397 396
-386 131
339 -231
-156 54
-126 -40
157 266
262 46
190 -412
385 345
-21 179
307 -323
-169 -115
-404 -343
375 142
497 274
-305 117
-98 100
-104 173
121 -69
-227 -356
82 387
-161 -15
-336 -151
-229 159
27 190
-89 -233
391 -225
31 -417
363 -148
217 355
90 -87
497 138
-85 -122
180 -437
-116 -349
-352 -335
-247 -303
-156 30
-479 212
353 -222
454 -212
180 -36
-42 37
-249 469
-486 -118
-449 -450
-20 -347
10 -52
-321 493
470 -144
356 -165
473 -115
406 362
467 485
458 183
461 -301
19 -310
-227 -308
121 -361
-179 104
-187 -409
297 -231
-167 373
-376 -200
-393 429
-162 102
73 -28
207 377
385 -456
474 191
-300 -119
-85 -277
402 297
391 -12
455 -29
420 250
-66 213
82 144
-293 -135
189 -353
307 -162
105 486
-384 -210
118 298
-182 490
149 -249
306 -220
183 359
482 -463
-496 -1
103 347
22 -115
416 -65
-148 162
-26 228
-162 -170
296 -117
392 -469
-77 -56
17 41
-33 307
-327 252
153 -40
175 467
119 318
-224 -98
181 167
-214 377
109 323
458 277
109 313
101 421
-478 5
157 -270
-308 -232
343 492
463 88
-187 78
105 -384
369 197
487 -483
458 -140
191 -326
296 358
-247 -307
-169 423
-270 441
332 -105
-137 -95
-359 120
440 420
-167 -249
-396 466
15 276
-316 56
163 428
113 231
-222 316
-373 -234
-319 161
-345 -215
121 267
-472 229
97 -392
-344 478
428 -160
-323 -107
470 -325
101 -281
333 -177
406 -476
427 31
-94 -48
43 153
22 -215
339 411
-239 -76
221 327
-280 -65
402 -366
480 -393
144 -155
230 -474
30 370
-401 199
-188 -101
398 5
76 158
494 -362
196 240
374 -443
421 -499
-116 -460
-84 50
-361 -313
-419 446
318 -24
-165 -8
317 -389
173 -119
-128 227
189 215
-280 -338
481 -478
64 -263
-128 498
-87 -358
76 -478
238 -494
-213 -167
206 -373
130 465
482 -397
208 -132
-63 -114
-72 -245
-479 222
-108 -311
-9 325
180 -405
-397 -413
-177 -347
431 -428
-167 -347
65 419
-390 -289
173 -264
-53 251
16 -463
-412 -492
149 437
312 -29
91 -342
-117 265
-112 -161
-478 204
217 207
-313 -478
463 -263
-239 436
48 -206
217 318
332 365
-227 -397
428 100
-382 -416
49 -58
190 433
186 417
-371 321
-172 -488
-99 147
-129 335
-9 447
-456 -298
353 -342
-319 -159
181 5
-449 -331
485 -249
395 -447
353 -321
314 95
474 -4
334 -292
466 355
-200 -23
40 -334
-331 235
67 153
442 -260
216 -188
-42 147
-326 -419
-162 301
-326 37
158 237
-286 457
-273 106
-203 -129
-382 366
-20 136
297 235
-301 305
342 395
271 -204
207 -348
132 -164
-365 250
-188 -499
-120 467
107 52
-457 199
489 291
356 -217
487 121
-11 -212
55 -343
-128 489
-479 -173
-366 375
348 39
-247 166
97 315
-9 118
-78 -445
127 156
105 -386
490 -152
261 -258
-393 430
499 180
-450 104
32 -428
155 -219
392 -388
102 -236
-219 51
296 -255
394 372
485 92
341 -213
-25 263
-7 236
-273 -312
-3 495
358 146
97 -391
490 481
467 -70
-319 -456
353 -340
410 -58
-151 -23
52 458
446 341
208 316
210 200
-423 333
16 277
440 441
328 26
-270 228
-139 -459
-368 -287
483 244
494 345
19 328
102 -362
311 3
-156 -179
40 -324
-37 -284
-319 -30
174 -100
-29 -368
-5 354
-59 184
-215 -163
76 -481
-265 231
-286 339
-469 493
-274 415
253 52
-472 -21
-166 -182
-265 -69
114 -442
-359 204
-464 -10
17 -210
242 -324
420 -462
-301 -263
-128 94
-434 -52
147 53
309 -52
-323 -410
415 285
-340 8
67 -481
-194 -275
163 -303
-72 -496
64 -297
417 128
-423 308
-435 -246
-3 20
217 408
-464 49
106 -272
-129 448
-224 91
193 -449
206 -239
302 363
-225 -472
-42 -254
-184 -363
-159 -498
-169 -140
-453 447
320 -243
186 407
-434 18
118 311
210 480
54 85
385 170
-137 370
-58 -326
-136 -41
-172 485
379 -465
334 289
-120 -129
-142 -155
395 -53
425 -193
-357 -243
6 259
-94 455
497 -41
160 -102
322 -71
186 70
150 -440
489 141
-177 1
-11 263
190 81
134 454
-326 7
-436 -313
74 254
-21 -374
124 -165
-72 -130
242 424
279 -170
10 295
-450 4
330 -209
462 -446
407 390
-255 349
-376 113
-292 88
64 -299
489 -437
41 -446
10 -148
-115 392
-371 448
91 -170
-139 -380
-413 250
41 65
-498 -309
35 -1
121 -434
-239 375
314 174
138 194
-247 -199
-29 -226
427 418
-324 -499
-200 -381
-116 496
-77 -279
23 -259
314 -465
442 278
100 374
-329 97
-5 67
-222 474
422 178
-156 -18
64 197
-222 -209
-434 399
443 245
425 -25
150 -94
-214 -130
409 -150
107 -109
-269 -100
232 236
310 -372
50 350
-274 330
-257 -95
-94 -191
43 -250
-500 366
130 315
-104 -218
-404 89
-350 -382
494 -64
245 213
-204 -369
493 -197
-349 142
416 -143
-255 -262
388 479
197 387
-401 390
-437 139
-484 -73
474 -260
-1 41
93 -227
-472 267
-115 -190
406 220
405 404
379 -495
206 352
468 301
96 312
470 -396
-184 400
353 92
-298 362
425 -339
-135 -133
494 -486
400 257
-347 421
312 442
16 317
51 263
-110 150
-382 -308
296 458
-172 143
343 78
-268 -2
-460 -106
306 155
399 95
398 95
127 -355
230 -128
41 -59
346 86
-288 -453
-167 187
238 -233
-423 -272
-373 328
55 -234
459 427
299 -452
303 -259
-498 -258
312 308
394 -130
411 120
398 93
-136 152
372 380
398 -86
146 191
309 -366
-423 83
121 -315
-209 377
39 187
-257 -451
157 -284
157 -182
103 -270
-123 459
-38 -84
372 -174
-305 308
138 -206
-88 -71
106 -490
208 57
-139 364
348 -176
-148 150
60 272
452 1
342 464
497 -209
13 -488
22 -454
24 -119
444 -32
383 -366
465 -172
338 455
-110 -168
122 206
278 -247
-269 -393
-498 442
-129 -437
-479 456
133 -358
-126 94
-413 -294
-219 -105
-357 -159
133 -216
105 -90
-274 -244
-85 -386
22 352
-495 397
426 -245
82 352
211 -296
374 -169
275 231
-448 368
-274 -225
402 -93
246 341
-323 188
-161 110
196 352
290 -463
271 -259
-403 -419
-120 -312
245 -15
-92 -131
303 -270
-265 -174
130 -116
410 -277
-313 -482
-95 -74
-403 -373
-225 36
-26 -441
452 478
150 200
197 -473
-222 -227
341 -485
-79 -173
149 -202
-267 421
335 70
330 396
317 -262
56 -139
-354 -258
-259 242
2 -146
290 -453
482 -374
-260 -176
17 225
303 -496
93 486
-244 -155
60 -1
392 448
207 -148
248 -312
73 -384
-154 52
-167 55
242 134
152 -378
-255 -413
-222 322
-255 -372
335 -128
-38 362
-403 364
367 -219
338 -146
312 -171
356 -91
310 76
-38 -369
216 -381
-139 -106
320 -117
-117 489
-403 107
-349 -104
-469 -474
-42 289
-325 -494
452 -176
381 -356
328 -264
-239 193
-26 -397
256 -43
-389 330
337 -419
-475 166
64 246
64 -458
109 -292
400 -62
150 175
-448 488
73 -282
96 303
463 202
-456 -222
-313 437
31 -376
-185 -43
-80 254
164 168
41 -480
-178 209
455 -300
-361 424
493 -62
132 -53
250 -391
103 318
473 263
405 63
81 -32
-200 122
-371 -17
428 141
-66 -351
-168 457
-265 -239
230 221
13 495
-243 -28
238 455
81 55
-87 -486
245 -340
446 -124
459 29
334 181
454 -475
358 182
343 73
452 -359
107 135
160 -45
-205 329
-178 313
-237 -253
251 247
-429 217
-58 483
458 240
-419 -386
-166 -369
-370 -427
-361 405
421 240
-315 -293
43 253
-171 325
-456 267
-137 -447
311 -70
-464 -282
-135 66
-349 48
-66 443
285 467
328 -318
-495 80
10 1
22 -290
-244 -327
476 -164
-3 -107
-277 -126
-352 -40
232 158
114 451
-161 -15
-154 247
19 -262
91 94
147 -61
428 -262
6 464
-170 -308
-469 262
334 32
446 382
481 118
175 -451
-226 -273
181 -15
-154 -463
-270 -171
105 -464
410 133
-104 -227
-252 -103
180 -193
109 -180
461 17
-305 308
-471 124
-37 -151
39 124
-384 172
-273 -253
-66 405
-449 -161
-104 -111
-484 -161
-292 -51
-104 294
261 4
388 -430
299 -71
261 -352
410 -381
400 -106
330 -342
383 243
197 293
-495 376
-92 178
207 -77
467 207
335 254
240 27
-386 -114
442 -125
-331 77
-88 -158
-68 297
-277 215
-125 -183
-380 -128
-120 -375
-448 -491
55 -99
-165 124
196 -129
-159 433
-198 -42
312 -220
-77 -66
96 87
54 -36
395 -411
212 224
-70 306
27 377
391 -326
-9 223
377 -399
-340 89
-95 -364
337 -163
490 -146
411 343
399 277
-167 84
67 188
23 88
152 -496
-228 69
-464 -461
-368 -462
-450 241
-116 -172
-115 -417
388 -117
-355 -183
322 388
-219 -169
76 296
-305 -15
-112 -360
82 -448
446 38
451 -479
-214 104
-198 -472
-68 -87
27 416
415 253
150 -490
-294 -243
433 -107
442 200
-365 343
-184 -494
105 -117
-498 12
480 -52
-95 -490
406 -298
-287 153
-108 -141
363 -251
-386 133
105 -383
-371 -251
180 -457
-195 -33
-396 45
-20 -316
30 -280
322 -450
337 -7
-386 319
-293 -104
-139 151
64 -224
-350 -147
466 -30
440 212
-305 458
-169 284
398 -444
360 -500
-38 -432
61 167
107 -69
-84 88
-21 396
246 -114
-148 415
-252 149
302 124
-129 144
452 127
-345 108
-323 -327
-370 334
497 -209
-70 -362
73 259
206 -111
446 -339
394 -293
210 415
56 -321
-139 273
402 -22
240 217
69 -208
427 142
-249 -308
-344 -330
-172 -56
-460 36
174 -222
15 314
346 50
483 -334
369 228
211 -434
-268 -182
216 233
133 335
310 89
-59 343
127 -56
-347 17
430 195
-456 362
408 -342
-486 -442
-203 157
-300 136
121 328
-495 201
-123 23
-170 250
-239 -97
411 -155
-378 163
258 -284
-219 -252
-295 -385
181 -196
-108 449
-129 204
262 -397
-85 -186
-42 283
207 51
240 -77
-136 37
-396 -492
358 308
447 3
31 -423
208 -478
119 124
-478 317
23 447
-78 389
-203 -298
-42 166
32 476
-479 -298
-264 -182
-203 -92
-366 298
35 200
103 -236
107 -366
-292 453
421 231
-355 360
447 291
-66 22
221 351
-255 -366
406 296
-323 -185
-141 -31
32 -296
251 76
-38 27
318 -68
-354 212
109 144
-350 -225
-486 -138
-117 -432
447 4
-475 -254
93 389
-165 -374
-331 326
-449 316
-249 -372
51 224
-331 -122
330 -495
-237 98
16 461
-62 -298
241 -348
466 -163
143 -361
-357 -280
-37 -464
157 -113
399 372
-229 -74
-218 399
-423 -295
-329 -53
210 -11
332 164
-283 45
251 23
-116 147
121 -144
454 122
250 100
-313 259
454 -191
421 281
-404 -126
432 -20
454 -137
262 461
-376 38
432 -97
-129 464
-84 381
369 236
-456 -389
-316 -227
-79 -220
-269 -313
10 51
485 -346
-300 177
421 387
468 462
493 104
-1 288
164 416
360 97
-456 8
-289 44
-336 153
320 299
367 213
-340 489
107 -403
190 -148
-313 -105
339 296
-397 430
335 -301
400 401
497 196
111 360
271 54
-371 -126
-79 -193
-79 291
-434 59
6 150
375 244
-223 -327
318 -126
443 451
-327 -126
105 -239
476 59
-112 413
377 -487
381 -344
-293 102
263 300
-281 42
-326 -385
-371 59
447 -43
-33 435
410 265
-179 -192
-396 -95
-340 101
186 470
-371 153
-84 56
-498 -307
-484 383
415 446
461 -3
-104 151
-129 372
57 -493
-313 237
206 136
-198 -62
-227 -198
-368 31
-354 -262
432 408
164 -115
282 -214
-484 -418
196 -54
314 36
-315 229
-316 184
-393 74
122 148
-414 -243
-139 -229
253 -344
-115 119
446 178
-198 243
-378 -416
442 -378
114 356
19 -208
51 -401
351 -491
134 440
454 310
299 456
-224 348
307 104
-498 43
307 130
40 74
-125 286
32 -160
332 -271
377 235
446 459
-450 -237
91 -198
6 240
353 -187
258 12
221 328
304 334
-439 102
-268 -391
356 -489
-486 -440
-170 342
470 -13
296 44
466 297
211 471
134 242
158 365
461 243
351 -203
-329 373
50 -165
122 -215
-257 13
241 -31
-44 150
-38 27
-361 -269
-305 179
458 39
-226 -282
388 -101
408 313
-187 -53
-129 107
248 -224
-233 343
-209 -232
-195 -19
328 425
-319 -326
452 292
64 -473
459 42
-336 362
-291 -199
109 -172
-139 -423
374 109
394 36
-266 -429
-301 -491
35 -395
-26 -487
285 -136
-243 -277
411 -73
174 106
16 -247
105 403
-327 -389
240 -45
-313 -120
-36 335
468 -422
282 118
415 155
-223 412
-393 -428
454 495
-419 -489
-453 263
-456 -268
253 -195
-260 26
-198 -387
428 226
278 116
-449 -342
-336 -268
2 11
482 50
32 -457
160 -74
353 -237
-495 -342
49 195
144 -196
-436 -96
262 -338
-167 75
192 -496
32 -363
-20 207
-345 155
-340 -138
-247 148
-321 -425
-350 252
75 473
-434 -11
160 90
377 221
-37 276
35 -14
276 -271
-171 337
-7 -220
-326 324
246 -141
282 102
477 419
61 141
-270 60
314 -219
406 252
-5 -369
346 82
-380 -246
-366 36
-460 -429
317 196
335 479
-340 -470
186 312
415 -499
444 -477
-11 -423
261 -350
138 118
-347 -382
-457 473