500
5000
105 8
318 337
-389 100
-457 448
-202 411
11 446
414 -294
268 420
486 171
-469 -283
-435 106
-461 -59
116 334
-8 87
-425 -212
-196 420
-255 -390
-68 440
30 229
-294 279
403 -317
-276 -36
-187 -379
206 -116
334 -318
456 357
-472 -242
246 335
-412 -473
281 342
-116 204
-464 -145
437 -258
-488 -107
168 -290
-390 44
-347 464
121 -279
-498 244
331 152
-185 235
343 -201
-145 -417
193 137
496 211
431 130
7 112
-243 -277
30 -66
310 -164
-107 -69
18 226
144 -80
-485 -298
-258 16
-377 -484
311 -279
488 30
145 404
-271 167
-454 238
-158 415
317 -57
-330 -98
104 -96
-133 375
265 -325
-390 -249
-90 468
-296 -86
-415 170
298 -195
-351 99
261 -464
-35 -87
-349 141
410 431
18 209
-80 -478
114 -287
-439 48
-470 -222
-407 -473
307 -369
-341 -34
121 469
-134 -6
379 188
77 -246
-353 -326
147 190
-474 -282
-459 -245
85 25
214 47
-345 -297
-31 453
60 -323
228 446
-329 -76
160 103
269 417
257 -248
360 158
-438 495
-332 292
-444 -390
-105 496
477 -195
123 319
213 175
459 -171
-356 227
53 49
-39 443
48 187
-124 485
162 -490
403 83
285 -130
-213 322
-96 -21
-82 255
23 -218
-5 378
461 -448
-156 -351
166 -440
-174 210
219 373
-482 399
-378 -69
439 -178
55 -5
-449 184
-477 -159
-484 199
-58 -186
-474 -263
277 -362
387 -172
-96 176
-24 -407
94 315
162 217
-36 231
417 -254
-38 -128
170 -364
-60 -110
350 -154
-96 317
49 -312
267 -319
184 476
86 236
457 47
-121 -239
156 7
17 -85
-192 283
14 385
-146 -106
365 -79
41 -324
113 -388
-382 158
273 215
-451 -116
-483 327
-228 -310
98 -122
195 88
-159 319
-355 60
293 75
-45 -42
-274 -420
454 441
302 -316
-388 -382
468 -267
125 135
422 282
-410 49
-184 -362
-39 17
-402 478
11 414
-233 38
-77 -35
-410 -350
477 -238
217 -389
-402 -319
326 43
-353 59
78 -375
397 -305
275 -235
374 168
-168 44
-124 -218
41 365
103 -484
-295 353
-135 -164
318 472
75 -99
352 401
-369 35
-442 239
42 413
-302 -292
5 121
167 487
216 -134
-456 -293
-106 -310
-372 -370
-384 -111
190 444
-59 298
216 379
185 110
448 -427
204 376
383 325
28 179
-67 480
-337 -178
-295 -412
-466 54
-77 413
411 289
-425 213
-36 -311
491 -66
4 390
-135 304
173 428
489 424
52 -35
116 -492
-245 472
374 -373
321 349
117 64
-348 -310
172 -285
491 -89
-487 107
-51 -161
204 231
-434 229
-317 -169
163 -489
-272 -422
271 -284
-77 35
372 159
-439 -2
-485 481
422 -255
-410 65
-307 293
466 -112
49 110
304 204
381 68
-102 -123
456 -440
-185 484
-381 -182
203 -320
172 -392
298 -116
-132 -239
-249 -324
308 -223
90 -117
78 142
360 177
-200 -490
-31 -199
94 -305
-164 401
-158 230
-485 -274
6 64
-352 -414
479 -416
-126 -271
-460 -246
-258 -320
-366 256
-44 11
436 -258
-24 -239
-213 287
-376 -395
55 343
7 291
396 470
209 -172
-315 251
-481 -232
-218 432
-471 -23
-67 -151
-109 86
368 -129
-7 224
419 -133
472 -445
-466 -373
103 134
21 362
-420 -497
101 379
489 488
-154 114
486 -375
-466 65
275 -285
30 -371
101 -42
-37 246
-73 98
228 -485
-124 325
407 478
1 500
175 423
-210 437
-284 -142
-376 -430
-292 431
455 -438
-209 415
-289 149
-435 310
-227 -35
-211 44
236 345
11 17
91 473
-496 92
-357 -167
280 -298
416 -443
-230 48
128 169
-187 -213
383 -372
385 -201
172 242
-177 -467
-51 -110
172 -300
469 197
-445 87
-100 -69
-294 104
-360 -121
-449 481
-15 203
-194 249
136 -39
223 -486
429 281
53 -427
-377 -109
-79 -205
268 164
20 341
268 385
-39 -123
15 11
-36 4
49 218
241 2
-428 -69
313 -155
-467 -462
-369 357
147 -371
-368 44
-139 -315
-106 408
364 -492
173 317
-250 193
-499 452
120 -232
343 193
-243 -482
-83 -229
122 321
44 214
-259 384
-497 -211
335 265
-397 170
-412 -20
45 251
-166 -62
494 -308
-396 295
309 473
-80 348
289 -445
-145 -315
200 -8
445 336
-460 74
-399 -341
376 209
139 88
209 412
-38 455
-146 330
-446 -314
-269 -307
473 17
439 55
17 -335
171 -180
168 -480
367 -75
-377 93
142 -190
34 135
-262 430
460 -429
-397 -19
233 371
-297 -494
188 125
-98 262
-400 466
176 85
-225 210
-298 364
-45 127
-439 475
-475 -227
-50 -405
-448 -315
253 -150
-365 -435
-163 -208
477 -6
-263 -283
397 451
-473 434
399 -172
-463 421
-274 -435
-461 193
-314 280
-364 -241
-198 394
-19 -291
196 -234
144 -255
119 159
-344 395
-336 -340
-94 60
220 333
265 67
-344 -192
-366 340
156 479
-184 43
233 111
427 449
499 428
-254 -442
-179 279
-333 -208
280 162
-397 -94
-499 373
-259 -395
-215 409
71 235
260 472
-483 258
381 -130
-474 -85
-344 -172
211 222
399 365
420 425
-344 -429
-110 -459
304 -497
206 -438
-10 418
193 174
25 71
-6 -225
-310 -197
-7 365
-257 -38
444 -331
-120 -172
-234 17
-237 466
373 -327
-160 252
-331 308
488 233
-306 406
196 364
318 -120
-40 -377
416 438
239 479
-419 -115
54 389
-34 98
388 -252
5 -270
496 366
-75 -386
311 -11
-118 -126
-353 474
-262 155
218 172
-414 337
-262 404
-104 23
396 146
-85 -42
67 -12
-385 -453
-470 -218
-485 376
248 383
-15 -128
-346 -258
477 -176
-429 257
-467 -488
124 459
403 192
8 -424
-346 123
-51 -445
-374 -69
182 -21
469 72
-197 299
-155 68
217 -372
-247 -328
-490 -447
442 446
-96 120
115 493
-348 -174
224 -306
-373 -92
-81 353
391 474
-100 203
332 -64
-123 443
184 -33
75 470
-129 -231
460 129
-234 389
492 490
198 179
164 -90
-179 392
-274 394
395 -195
-135 175
-121 28
-133 -164
99 -162
457 74
-109 -87
-396 176
442 -361
277 -192
-375 -96
-286 447
415 -175
36 460
82 -127
465 317
-66 466
427 -8
-287 -195
-188 -386
-29 -379
499 268
165 -83
-87 37
154 76
-310 80
-73 -422
-125 442
-389 -434
92 158
-135 243
304 -43
-121 -242
288 -202
361 -489
90 134
311 -490
-46 -370
-287 -249
-221 -145
112 -215
37 167
-375 363
422 -439
412 135
-304 440
251 383
26 -426
-195 322
157 -463
163 92
-237 -211
316 44
-209 12
3 241
436 -328
-477 -107
-155 320
181 -5
-347 -226
119 345
214 -172
-369 119
-237 -3
344 371
-272 -275
407 -61
-155 108
-226 99
189 -135
-290 275
-353 332
220 209
210 250
-5 196
-67 -336
-280 -20
26 -489
-170 360
123 287
-239 16
-48 -26
449 330
-125 -381
-388 -422
-303 324
86 477
165 -206
-390 226
446 284
483 48
427 297
428 -51
1 -500
-484 -355
366 -8
15 -468
319 460
-284 -373
314 73
-244 464
109 193
364 -343
-157 223
-433 468
397 171
-38 396
320 -114
254 -132
136 -261
-478 -472
-490 432
-352 40
376 -377
139 182
-84 -253
-195 -79
-356 231
-400 -240
-56 291
-299 -106
-173 23
-463 31
198 364
-125 -398
360 71
-93 -36
-370 32
201 74
495 -101
-236 -60
-24 -108
-187 -326
-466 -5
-394 375
189 -37
410 -487
290 -435
-149 -357
-144 -356
-452 -90
-453 -456
-318 -350
198 81
-491 -134
-32 379
-139 280
473 -108
-320 30
-23 467
437 -76
-243 381
-429 -437
168 447
-233 186
-3 266
-322 -106
-284 106
89 -293
-361 362
159 -91
-272 268
-489 378
193 381
325 -162
257 202
301 480
-132 -30
318 -234
267 -129
-135 -220
-262 36
103 -32
61 -259
363 58
-395 -121
-9 286
74 389
-158 -16
431 -481
-499 -376
211 -170
-208 447
228 114
-31 79
-220 18
-378 -131
-183 -196
146 -452
-53 -28
-5 352
-389 -254
-153 -262
334 140
201 342
340 -433
152 196
445 -392
372 457
-124 -486
-123 -294
-25 -321
486 330
-434 -168
-167 -181
-154 446
-23 -196
181 -176
-209 -462
-356 -218
57 404
-113 -355
-466 210
-19 -74
-389 456
490 416
410 43
88 -175
-81 329
-350 -476
228 -450
-385 -82
24 -15
8 -41
401 -164
-478 373
432 358
-138 173
359 334
335 -463
171 -405
-294 -95
216 249
13 21
-115 -132
-126 -336
-30 474
131 -111
412 87
167 -462
-85 -263
200 447
-414 401
495 -117
-281 -79
443 2
-135 -470
236 48
-377 450
-167 274
-424 312
111 -37
227 -185
195 -39
404 469
-4 -310
-141 -319
454 102
293 -421
323 -239
23 -97
-40 263
148 -328
479 -313
65 51
-164 414
-380 188
342 262
-447 -217
-456 -115
232 -49
441 149
299 325
-55 239
166 -21
-159 -40
-158 86
-385 136
-11 428
-61 -101
446 257
156 -376
-74 322
401 299
-37 -372
-391 335
-280 41
254 285
263 -330
53 -462
-169 189
322 -212
-293 277
-472 284
480 320
399 356
179 156
-163 452
-468 205
271 -240
-393 321
444 -467
-67 -238
-76 -61
399 392
-171 116
89 124
8 -435
-361 -312
352 -402
369 -219
486 35
314 149
-202 235
388 -478
448 -228
180 457
441 -194
236 162
286 -252
376 -402
-71 -180
416 -358
-155 252
268 -376
-89 255
-208 -118
62 354
-134 349
-415 248
450 -27
30 371
-142 -425
463 131
292 -32
-267 472
-300 -190
191 -254
250 -178
-323 6
-462 -407
-200 100
28 -204
409 143
106 151
311 111
-81 -92
-209 -45
-484 195
-343 77
449 236
-459 -67
-134 -482
-315 248
457 -374
-267 464
-209 141
477 -432
172 -75
-388 -440
-11 -360
-197 -443
187 -102
-98 473
240 -347
27 291
-29 219
-112 -30
-414 -249
-464 392
62 -213
-183 -172
-292 -346
335 164
343 380
438 -223
-188 -356
-440 -431
-147 14
-194 -34
-38 -195
232 35
429 -392
248 -207
100 -459
-138 478
189 36
150 -478
87 -219
497 -255
-89 303
428 -434
-359 450
-459 -435
-369 -393
-315 -387
236 166
138 -184
-342 -440
-200 -352
-92 79
249 -365
-442 -103
62 -72
-178 -27
-106 125
319 373
436 375
-60 -199
-276 145
287 -499
285 383
-53 421
374 82
-445 -150
-139 -128
-236 -285
-443 -438
-325 418
230 432
20 413
304 -309
181 -32
-222 -328
-82 -125
328 238
205 -290
248 -63
-119 -497
-241 -135
-402 -60
-180 235
280 -46
337 -73
213 430
-297 -106
425 -282
288 138
-113 -389
-212 79
-373 -53
71 81
-36 -234
254 470
-309 -118
-360 487
139 -30
-416 -257
68 -228
146 204
426 -328
-248 -2
275 163
333 222
292 -203
-125 91
-186 390
429 119
109 -133
12 -263
-493 -438
-421 -494
-477 -154
404 238
-365 316
-8 -177
-434 83
152 23
-208 170
240 154
-2 414
166 412
32 167
232 -111
371 -416
-30 -151
-228 102
485 -253
-316 -238
378 -162
88 185
-300 350
184 218
172 -123
-99 367
-158 410
306 -439
-425 80
344 -202
295 35
-331 256
-130 -298
-333 285
-492 -290
-478 -157
-73 174
-380 215
-214 94
-23 73
-137 -187
-29 77
-371 -496
139 -220
106 246
327 139
307 -83
427 -20
-224 -264
-62 -11
248 178
-297 28
-104 156
261 -258
345 -114
-208 76
-49 -231
-490 415
-266 421
40 168
-247 45
-440 -401
462 -394
-214 282
357 -253
-289 398
421 299
-132 -6
-56 -114
25 445
-491 -296
-352 371
-464 31
-66 -373
180 -491
424 -145
-489 -456
-384 -222
-349 -458
-340 174
-470 62
195 19
55 468
377 263
449 124
70 -443
-259 157
-221 -296
139 386
-279 313
-402 -221
43 197
413 -410
452 359
-415 403
449 -185
40 151
-101 -243
326 234
170 173
438 -26
346 389
275 -202
-278 -12
318 5
-477 236
238 -494
277 171
-4 -18
-206 366
-333 -391
174 307
-440 173
107 -55
148 456
-147 313
331 -244
443 -203
-240 -106
26 231
-248 -12
-439 -281
468 -367
61 -419
390 25
-277 -360
197 -404
-123 -361
-410 61
85 153
-314 -311
267 -35
-54 237
-142 266
254 -176
-162 479
-37 408
182 -285
359 -482
-213 305
-130 -456
-141 59
49 383
-97 182
-487 -264
-462 -11
24 -173
-488 -403
-74 347
159 63
220 315
413 -286
145 468
251 15
-49 -86
-81 386
324 -404
-210 487
-410 -246
-228 -164
161 355
365 -220
297 -217
-221 289
118 485
488 -183
156 -151
-331 217
58 -46
-78 -164
-299 389
-148 219
468 374
314 -488
148 -270
-172 408
342 -436
334 109
185 -20
31 11
116 -421
-257 112
23 -145
-142 -196
89 202
-312 77
-262 -8
124 -264
196 -181
-116 20
-21 280
-225 -63
321 -163
-314 29
-1 -500
-441 280
-29 282
-209 280
442 -156
70 384
53 -159
16 462
-342 -450
436 -288
-433 405
123 -107
21 308
-252 -356
454 -64
-34 435
204 263
472 -489
-483 270
217 -198
-98 103
-373 144
-212 -126
-109 325
-336 398
-489 -447
450 -119
-375 366
301 -179
-193 162
-297 -175
-203 118
-192 264
6 -110
388 -363
-388 -364
366 -208
302 -274
471 -236
-202 76
155 228
-361 293
-349 -177
-305 14
-91 93
392 -230
106 369
-42 -456
404 -410
445 -493
-258 -413
-266 -399
-94 -438
-96 80
374 201
371 -472
195 -104
209 -388
163 -110
-90 -336
-16 -389
-63 -150
-210 -415
-113 309
-337 408
-269 -39
-46 -327
-182 437
-226 190
-298 496
-229 -252
239 68
-420 85
132 391
137 494
-155 -7
271 310
467 -220
251 -66
-238 416
-446 -230
-45 144
356 350
147 208
122 -125
-291 -496
218 36
-7 -19
-73 432
248 -102
58 -495
-105 6
294 98
14 -286
135 -448
-116 -101
214 -344
331 -213
373 440
286 23
315 -346
-314 -445
73 23
391 -189
-208 451
-105 -7
167 281
61 -215
108 -256
458 -181
13 -6
409 -80
-369 496
372 262
-63 -220
-137 83
359 -97
7 -249
-59 -418
78 16
141 19
-58 -224
225 346
203 8
71 -80
418 355
323 158
-212 34
90 108
448 234
-377 -74
440 -253
-126 63
-488 358
-218 -219
-341 -136
482 109
243 401
432 -151
306 -327
238 -60
-99 -67
-186 -236
-63 -342
489 428
-488 -284
-199 -201
-254 -16
29 -210
173 -329
-56 134
-50 -232
186 132
96 -126
-497 468
-195 -192
-195 85
-218 246
-13 -285
-329 86
-114 -105
444 -322
54 -217
-118 -332
-224 497
-412 -313
-84 379
-354 303
212 -106
148 -453
-70 111
364 24
-182 -450
475 492
363 -70
-483 -56
-374 161
379 110
392 -375
-480 393
-388 -317
-288 447
459 357
173 313
276 -477
-59 -70
-362 374
286 150
-21 303
464 242
-9 497
-260 120
-309 -199
-75 -459
-66 -486
167 265
232 -498
-461 -423
55 -468
-51 195
-218 296
196 467
-394 420
51 -105
289 327
76 -7
9 488
264 278
-314 -437
489 95
-296 -107
317 178
-201 264
331 -148
-479 309
148 206
-146 -402
341 -419
476 369
461 324
126 425
-267 -307
51 -15
256 -111
333 471
207 -451
-76 457
4 232
80 -47
129 -257
-416 395
-482 -63
473 127
363 270
247 -23
435 -295
3 -241
-8 -9
422 95
293 -436
-61 -237
-141 -404
-272 314
3 -186
310 264
-416 -115
414 431
-77 -137
77 -371
484 -110
141 -450
-376 130
-342 493
261 -182
179 351
423 -244
-396 463
-387 -318
-457 -335
-313 -427
77 438
152 -7
-58 362
27 16
-84 -104
-259 -412
58 -259
-224 -195
-328 149
197 -88
92 -338
58 171
408 365
-462 371
-33 -279
-244 447
-109 -159
208 -2
-139 -244
85 483
222 336
446 -418
115 159
413 468
241 -192
41 -389
12 5
122 -121
-358 411
-429 -457
144 -440
-243 123
299 448
-374 -11
21 389
-114 155
167 -55
131 212
392 282
-437 -120
376 -195
-226 449
-439 -468
86 -481
-91 -136
-185 -296
231 68
392 367
-459 293
-383 453
-145 -349
-444 -388
477 155
391 105
370 363
-189 158
-419 392
-150 396
456 227
-141 326
316 80
232 -44
79 -99
-380 -295
-265 -331
-259 -133
-306 463
402 -182
-155 133
56 153
143 -182
-448 -4
45 46
-44 340
-477 408
-488 407
95 69
-31 -340
494 199
-203 -5
489 398
-272 31
-191 -223
205 73
-195 160
-390 94
-363 -194
-384 -85
-241 163
347 99
478 -226
107 145
481 72
281 -385
-106 493
-300 -80
-428 191
285 -205
-215 415
142 16
-218 -138
366 -363
67 -281
-65 -118
-163 -241
-174 39
-479 30
153 -413
278 331
444 133
-212 197
34 -140
205 -424
-70 47
-130 438
124 -486
463 13
-288 -345
191 -387
112 -467
-474 -328
-26 343
-249 -231
-472 -196
-66 -365
452 21
247 -441
-119 177
433 -400
-346 150
355 -315
397 159
137 319
-425 345
-206 -361
147 112
302 -165
-28 -251
-366 340
-86 447
-232 -170
372 -176
372 -365
-369 473
451 420
122 -85
-484 -169
244 421
339 -330
-7 403
462 71
380 -405
-332 225
146 470
-130 72
368 -367
-293 -226
31 -358
-151 236
-153 429
36 -171
11 -382
460 461
137 -127
-110 -114
40 435
417 55
29 -313
433 183
157 245
436 -221
-115 36
427 -373
-289 225
147 182
-168 462
-246 -143
-351 169
-315 475
309 84
167 330
-428 283
-332 -495
-345 39
-445 -219
309 -344
-373 -21
244 -191
346 -315
-152 473
197 323
474 473
-285 339
187 139
59 -131
-8 481
448 -77
450 -386
294 -472
-418 -150
-424 -249
-472 -246
-249 -382
86 71
-206 -94
-452 418
-244 71
-448 471
-180 -14
150 -394
68 -307
113 -427
463 437
290 -364
257 -45
422 -316
-44 60
303 -371
-341 -157
-247 -418
182 -233
126 -206
-316 -207
486 -210
-211 -154
180 -461
-415 95
370 -342
4 -419
-400 -100
-15 434
-198 -296
-168 -356
-17 -16
-2 32
195 -311
34 178
174 -108
-88 -345
319 68
250 -462
239 -245
154 417
324 221
449 295
26 -269
-261 -381
332 122
-340 -170
359 418
465 -412
8 -333
-119 237
-157 391
-403 -446
482 -490
64 -4
-369 471
-180 -461
-497 66
130 241
-497 455
-177 -337
317 420
-3 183
-76 -31
-260 -106
-426 -72
134 -357
410 492
-20 297
-319 304
220 -287
-297 6
-292 -277
-63 140
-216 -268
451 123
261 -352
-214 -344
-377 344
396 455
-254 -435
-370 6
35 -119
-24 -20
123 -118
385 373
-70 -192
-466 154
-169 160
42 -169
-99 19
104 -496
364 150
385 228
-9 13
-452 -450
401 -155
107 -73
-135 -51
-487 -297
337 -108
-170 -218
146 -269
-328 291
-333 479
-292 -128
181 384
162 -410
336 -435
328 -299
-254 299
-129 -319
-483 372
-274 441
-282 -24
330 355
342 87
-489 -147
203 84
364 463
190 -290
-172 -227
408 74
-256 -165
-258 -23
166 -407
265 460
-414 -427
-367 215
116 -478
473 -53
29 487
93 66
-433 56
-404 290
127 197
-340 -484
287 -339
-462 -178
409 -57
101 -498
168 -59
169 78
-309 -474
-474 304
-401 407
-112 -395
-162 -340
465 189
-137 -258
-156 490
-164 167
-182 311
410 364
84 -366
483 -439
236 483
-290 288
-12 160
-69 -115
336 334
-442 59
401 -125
232 -344
270 69
225 117
419 97
-116 57
-171 -372
-456 206
12 -75
472 496
-214 144
41 164
-8 491
-335 -66
-133 -338
310 -336
271 336
426 499
233 141
372 81
18 -315
474 334
342 390
-59 -371
343 413
350 24
-443 359
214 -215
-120 -250
-427 186
321 -117
-83 371
90 246
9 -419
135 322
279 275
-9 -2
-37 -272
-325 -492
77 -39
38 -154
59 120
204 -97
454 -307
432 -345
-209 344
-145 270
307 172
-284 -344
337 275
386 495
-262 -236
-468 -62
58 -257
365 -35
-443 326
-211 132
156 308
266 -219
153 187
184 231
323 -338
-467 25
-224 385
-435 -88
-442 -31
-66 265
-249 -45
232 248
-252 -494
-42 440
-147 407
29 -189
278 399
359 -162
42 -75
-109 -121
99 345
-60 -137
-395 -441
-335 347
-411 127
431 -291
-22 75
335 211
-324 475
28 122
-81 57
23 -40
88 -489
139 -240
-454 151
-456 -22
-484 -236
182 -298
475 272
424 -396
-32 406
171 104
-13 71
-335 148
-89 166
459 129
83 374
-96 108
-454 140
425 34
-293 -246
-148 238
-166 -225
229 -464
72 198
488 -427
75 -274
397 -375
-109 324
132 -317
324 -106
-184 233
93 -296
85 -356
-398 -136
-142 -252
25 -413
-70 430
195 488
-47 7
95 331
-243 -312
-51 -27
-48 -77
246 292
-289 -96
-140 124
498 -272
-198 441
117 -243
-113 341
341 -406
266 329
-350 -140
-464 83
96 413
155 -40
-235 -337
298 290
438 -198
-176 -180
-407 -105
-395 304
-225 -458
-336 -186
83 279
-130 11
12 -391
362 -42
-6 406
-494 -188
10 93
417 -353
-141 189
121 -425
-366 200
92 166
-192 -200
342 105
-348 258
-242 -341
395 -301
-306 -226
291 -391
142 368
289 -189
325 -480
-178 187
-361 128
-259 209
-421 -246
-331 -435
251 75
27 161
103 -105
332 -354
160 -477
381 -220
-365 -354
-248 429
-147 -186
-69 -490
341 121
399 -170
421 -405
191 -490
-259 51
-22 201
344 -38
55 -285
69 -162
360 -170
-295 439
288 -418
343 -64
282 -254
351 -348
478 -482
-350 125
305 -496
-130 -391
-464 -57
362 91
-311 242
-243 209
255 455
-22 -439
428 -253
-475 116
290 37
363 -436
-20 461
371 433
489 -20
-165 119
340 134
-92 39
-385 -105
-199 -248
153 321
-123 11
151 35
371 -55
456 265
-49 366
-163 337
-402 -245
-237 244
96 461
75 -490
233 -407
-324 -426
-273 233
-499 -84
-133 -82
-204 -453
26 -49
-110 231
-108 84
288 -308
316 330
-107 389
-375 -100
397 -464
13 426
-283 314
441 -41
164 -239
-221 -41
406 262
-424 -132
213 -378
338 223
321 -403
-155 -115
-201 70
116 48
4 69
209 -319
449 -113
-471 -225
-418 248
-120 -371
458 -233
-367 176
34 356
285 313
325 442
-190 -272
-337 127
490 473
-315 114
390 463
28 -346
-399 343
-107 414
262 -7
-432 208
286 -346
345 123
-14 414
-75 -325
-274 -417
-415 -338
-121 3
447 -483
366 -381
-404 -303
22 -323
-13 -465
-104 291
-361 -473
55 37
-133 -431
-339 -270
392 -320
-486 -139
72 -362
-2 -12
429 -61
169 -269
-148 -4
381 -236
-270 477
-470 221
321 -274
117 -21
-476 153
326 -54
-114 223
116 194
370 -185
-459 107
332 -158
-401 -20
-352 249
176 -447
465 434
-214 -400
258 485
86 -459
-115 -268
66 -306
-436 375
305 -131
363 -488
159 433
357 63
62 -354
407 193
-484 -237
-26 -493
-22 160
436 -438
-412 -131
-476 -487
-283 272
-230 448
-135 -43
-434 176
-31 -222
-104 -5
293 307
-60 -231
166 -260
-321 -176
248 351
466 -136
-172 224
-205 12
-353 170
23 76
-103 495
377 112
-350 -115
-230 121
271 -247
-89 -356
404 125
226 -493
469 403
-165 -158
-66 386
-254 -462
-223 217
186 133
251 357
149 374
308 -244
405 -67
-59 -20
-77 -4
455 453
-262 250
61 -351
-74 369
27 348
-96 480
-195 4
103 -399
-63 -2
-300 140
-424 -26
86 -427
227 424
289 406
368 416
-425 26
-15 -114
175 -63
183 188
-45 351
-253 102
44 -297
47 -206
49 485
-159 -321
493 140
-481 287
-137 -211
380 -446
291 -89
140 -25
434 -77
76 -83
59 128
379 189
-29 -3
312 -497
-481 132
126 278
-478 407
-86 -432
248 -169
-237 246
481 -379
391 -45
126 196
-68 -358
386 418
214 313
462 40
-389 -230
433 406
197 304
-152 269
266 81
101 -459
-68 -115
-386 123
474 448
272 -79
465 -274
274 400
442 -451
421 396
97 -316
-87 455
-379 -417
-295 -372
-358 197
463 -261
27 -190
-261 443
71 220
99 351
168 319
477 -401
-46 259
-297 -280
-105 -49
272 101
-380 353
-351 146
-95 289
39 -193
228 -266
-253 -300
453 -405
-228 -51
-332 374
-66 -360
-234 333
-236 43
-99 13
40 -420
67 -261
-489 -397
-166 -56
298 296
244 -123
-398 -97
-366 174
382 308
79 486
240 421
-263 -121
-114 177
99 -356
-39 78
-388 -29
286 -370
458 91
-364 455
-296 226
360 -139
-363 -429
9 -54
-399 120
166 -406
-442 -295
-181 -26
130 325
-77 -142
-160 435
-105 -423
205 29
269 452
-292 199
-491 445
168 -245
-45 11
208 -103
279 -446
-3 -389
147 -295
161 -47
477 459
-330 -141
253 -432
-186 -167
-162 -342
265 141
-233 132
41 -82
223 8
-174 194
104 69
327 -412
-119 452
-132 -257
275 111
446 -286
29 226
268 -431
25 -315
182 90
107 -277
216 -110
-374 -17
-61 -241
-82 -59
-371 136
-214 495
-116 -427
-61 -239
-435 -469
-277 -372
318 340
-52 -102
8 -67
38 -484
-426 33
-323 280
204 178
346 168
-418 475
-242 -305
-258 -163
473 -312
-316 85
-328 -147
-408 -332
-461 -233
-391 346
346 -277
78 429
109 -32
352 -346
14 330
173 346
471 212
-266 52
11 434
364 -252
-162 276
-204 396
464 145
191 285
138 -278
24 -306
-387 428
-62 296
59 -330
-292 26
365 -47
463 -86
418 -351
-148 -210
-84 -296
-357 -337
268 -237
283 85
-254 -293
393 62
330 -318
-279 313
-77 -73
345 -329
183 424
-322 361
88 -53
234 368
168 3
430 -346
462 468
381 43
416 -139
398 -252
-136 11
-170 213
302 486
262 287
79 488
-11 119
-436 146
-497 -361
-428 421
-229 -430
-237 -122
-125 325
-30 149
-105 207
69 -486
-273 219
-168 -285
157 413
92 -248
411 147
334 422
405 426
133 -207
-308 72
255 388
-393 456
-322 -36
440 -245
-11 383
178 116
24 -185
113 -51
-183 467
-191 -265
268 -434
-215 231
-283 338
-398 55
-298 187
-182 -320
303 -349
-288 -417
-152 348
-382 -420
278 223
182 437
482 -251
108 112
354 428
350 -235
383 -367
370 366
-443 -180
-89 340
55 447
-130 -211
-38 -434
-316 -404
127 119
117 -459
21 -174
64 289
-256 412
275 252
264 -227
139 238
-191 210
-174 475
-36 327
-418 52
57 -219
-218 336
-230 372
-221 -121
8 116
350 -185
191 213
-415 -333
70 220
-341 60
218 491
-327 416
-35 140
-129 -240
-365 176
-171 32
-189 -410
-61 -28
-264 185
-22 434
-239 -124
-485 -136
-276 -80
-462 225
-171 -408
-446 -181
-72 99
-62 -77
-165 -288
152 488
-295 -141
204 256
-149 328
195 57
-368 180
374 35
-308 253
485 3
-122 -66
-5 -248
271 -341
-207 272
-131 -245
412 -338
-400 -16
-395 112
-354 34
357 230
190 18
73 251
-306 -280
342 355
171 -325
171 -227
267 462
302 252
160 117
-275 -39
-135 370
412 42
16 -263
-110 351
30 435
-395 498
296 42
303 200
100 -389
-8 -216
-149 -369
-57 15
391 168
-171 434
159 -164
104 332
233 -356
-85 262
6 280
182 108
155 330
183 -360
155 127
-354 -377
-392 289
397 19
-323 496
336 -104
-475 -474
-290 159
329 476
274 -443
131 100
238 -179
473 391
-412 344
-46 -116
22 -43
-280 -118
437 -138
-186 -361
-26 119
249 -494
67 95
24 -188
354 -356
478 -110
9 -189
-381 304
127 344
-394 441
-421 488
105 -199
-434 -457
351 -158
-297 -243
145 -475
-482 -79
-15 10
41 -300
-231 -445
-457 -400
-390 -60
-217 171
63 355
-477 381
-297 -116
164 99
202 144
-320 306
-232 4
-235 111
-470 -288
-332 -495
-15 -34
196 -344
170 -272
-250 27
-164 -33
272 375
18 -341
-144 142
375 -263
-84 432
66 394
83 447
344 -43
333 -215
466 -46
248 -307
-43 -488
425 -421
-493 -248
-369 -40
-458 147
300 -387
-416 134
409 -184
9 -206
309 498
112 56
-74 86
360 -443
-358 287
126 238
139 -482
-349 181
-201 -376
213 -413
-271 459
-407 389
-98 -424
25 411
130 -193
-223 432
256 265
-363 -264
-237 -390
296 -75
-170 6
160 -41
-76 261
344 -251
-48 424
-270 -113
-343 -360
-373 131
7 356
323 219
7 95
-131 -419
431 113
215 106
-407 111
331 -80
140 274
-324 -417
-11 -442
3 101
452 311
299 79
162 -410
480 116
-375 -374
148 -315
-358 -80
179 202
313 -59
418 -314
-80 -130
5 -52
-256 16
103 499
-280 -196
-496 -36
-203 314
273 175
373 476
-82 -296
-26 -59
-22 116
55 -475
167 178
-386 100
120 -336
255 -495
-294 419
-145 -486
-340 -35
137 326
-456 288
-479 -260
64 414
-325 -66
-63 209
47 -422
133 149
328 89
-185 188
121 237
379 -6
190 -185
485 -217
-484 358
48 221
316 421
320 362
314 184
-170 107
313 479
-167 217
282 -328
495 -136
391 50
-351 -328
39 -493
-8 184
434 72
396 -347
-22 375
278 -213
-369 113
-97 477
-374 105
498 425
-187 -16
-181 -487
496 365
-110 219
-306 -23
333 -317
476 188
75 187
347 -110
338 154
196 -99
-274 -499
-434 -15
145 -170
-128 -387
167 174
-312 353
14 52
-314 -415
185 -107
410 194
-406 -47
77 -214
-339 269
-232 -255
-491 -318
-35 225
465 -460
-136 5
440 -367
452 354
-271 -251
50 3
83 -349
-207 231
-443 -13
374 32
-130 400
280 -318
-292 -65
-473 232
220 333
494 -449
-71 -496
-122 -428
-423 19
-401 370
-472 92
295 -78
-375 -10
-7 -175
-424 432
-206 464
268 -100
-173 33
-233 -274
368 476
105 10
494 -414
-489 65
-382 192
-445 479
-369 -307
-388 395
267 26
189 -155
199 -135
-271 -63
366 413
499 277
54 485
233 -293
135 -255
-334 -403
263 117
499 -51
-426 -231
-406 -456
-103 9
-223 389
57 362
291 -208
15 -277
-465 -295
-150 74
152 -136
-180 60
-209 293
420 334
-352 -152
10 -57
231 77
-474 200
91 253
-39 499
309 284
-332 -239
-429 -110
95 151
-168 -456
173 -466
123 255
-20 -6
-161 -40
-45 492
-246 134
-124 -300
72 -368
168 -479
-498 45
-275 -140
281 -309
-51 -36
495 -35
-371 368
271 -117
433 -414
-189 -222
-47 -402
231 -402
-321 11
-316 -68
308 495
-481 -409
73 235
297 171
-276 -22
221 -128
-222 228
314 -94
90 84
305 230
-312 -133
439 -275
274 273
134 489
22 -151
-195 -164
389 -106
-14 -117
-327 64
150 450
298 471
-379 -102
-485 278
202 -331
38 233
-462 50
436 -177
-202 -235
-377 -84
-311 -361
343 -24
-64 94
-170 -398
442 -118
-30 -402
287 -19
364 -432
-30 184
-316 -394
-192 247
-162 -227
260 -182
467 158
-153 28
-36 138
440 24
383 338
256 -242
-24 -496
461 -267
-217 -352
-255 324
-389 -226
-443 455
194 -38
-296 -243
-218 188
91 49
53 -164
244 70
-44 357
-433 -224
431 -282
-70 411
196 351
-350 -394
366 381
-398 248
-99 30
248 362
275 -177
-398 369
-480 -32
-246 -76
-211 -155
-234 306
70 102
-263 -391
223 238
301 353
-417 244
96 -56
345 393
67 346
-318 -488
-255 -373
-265 -288
-236 -197
-99 -443
-478 -171
14 -498
-21 -342
372 -373
208 490
-43 309
-408 -14
-219 174
50 -395
249 -370
247 117
343 -2
124 -121
-54 264
-218 -186
-264 481
-452 112
-263 -213
-270 234
267 -258
-85 209
90 -160
310 17
368 54
-413 18
-436 -297
444 -23
-418 212
-95 449
365 231
-374 -281
-148 -335
-189 5
403 -143
-429 69
390 -400
270 -21
-145 122
-384 -69
220 75
-17 -100
-457 -99
-253 -360
-316 -37
-45 156
-253 -384
305 309
42 274
-405 460
250 -16
-200 198
212 -290
-40 89
97 220
208 496
452 -114
-195 209
-403 393
-105 -113
41 447
472 358
320 409
176 -204
484 -63
63 310
-369 130
-48 26
-46 -120
32 130
413 -462
212 -270
-333 161
124 437
-280 177
-202 -283
-279 253
318 -175
33 129
-17 223
-333 -201
160 418
-468 -278
-319 -191
27 111
-151 307
44 17
72 140
-292 -127
-362 436
4 -9
82 275
278 -138
-218 47
-495 26
353 -136
-345 97
-413 -290
-367 87
488 -242
-123 -345
362 -394
-140 249
-4 188
-465 251
-400 -101
-19 171
347 252
-113 339
55 -424
125 469
-442 176
28 -391
-493 -102
255 -27
414 106
234 -487
281 -99
-481 -352
462 -149
-476 -21
-258 -479
-307 -17
232 144
-154 -356
-283 -395
-56 379
388 -116
-323 -493
383 141
77 397
-7 -9
354 171
-306 22
-4 262
425 -351
-243 -31
125 -89
-252 -365
-47 49
-267 426
-118 -467
51 385
-257 488
-88 270
-191 -474
-43 148
111 22
321 -81
-392 -220
325 -429
140 -290
-126 21
-36 266
-490 98
-264 491
404 -237
-493 336
191 38
-241 -286
-81 -354
437 -21
27 -83
32 54
-324 -89
479 27
-402 -130
118 -71
451 -198
264 -455
471 179
-406 -224
-20 -378
337 292
-145 213
113 73
408 266
-369 335
332 -442
-119 254
71 -282
197 -426
174 -253
-215 -72
36 -388
430 -303
-68 172
162 493
493 -156
114 459
164 289
-85 18
-218 465
239 459
424 -189
298 411
92 300
398 -3
388 49
-80 310
-380 167
337 109
138 231
474 -4
419 485
-378 53
-398 269
417 474
-107 490
450 368
-119 281
60 200
26 -483
-113 386
60 161
-27 -168
331 -496
361 -11
-208 459
-343 104
190 73
299 -433
266 -181
-425 -465
112 211
130 -81
-153 -352
272 102
404 -279
11 -495
289 -2
428 438
-50 41
143 -215
-250 256
433 -96
-185 -486
-47 441
348 -486
-149 -172
304 166
-284 -308
73 425
-481 388
137 16
-478 -59
-299 63
98 126
-118 364
-313 237
377 -168
220 -74
-468 285
-493 -329
323 -489
490 492
319 79
87 -330
268 25
-178 -40
-223 -105
125 317
151 -266
349 -136
116 231
-162 -116
330 296
210 421
-497 457
452 254
-86 266
417 195
-196 -339
270 222
477 377
-445 111
92 -98
-6 16
-120 457
499 -453
-83 478
460 -54
268 -184
-377 104
415 -368
-385 -257
-108 307
234 -354
291 -349
381 -311
28 335
162 -30
-334 295
51 199
-292 -366
-485 482
402 380
166 -468
57 -492
-38 -49
205 240
487 440
-169 -136
127 -377
-105 463
-465 21
-122 497
381 384
-4 22
46 -313
-261 19
191 -105
-335 321
-145 436
289 -140
-31 408
-482 98
311 70
41 -147
185 128
-38 77
142 305
-335 89
384 451
191 -398
456 -10
444 -60
113 395
-45 -252
-144 34
319 -461
-232 301
460 430
-499 252
-249 89
-243 427
52 392
-307 -460
-440 -46
-141 446
283 -149
246 270
12 73
-135 65
-377 -340
-307 111
438 -155
-20 108
227 -16
-166 374
40 -10
346 170
-94 484
-255 21
362 98
-317 -361
94 -134
154 -88
-136 -132
46 11
-473 356
-371 -65
-83 434
146 -391
-397 -151
229 366
-150 -398
-78 -16
451 257
20 253
186 21
356 429
-88 -48
464 168
-109 -152
-219 441
-38 322
-380 256
-81 -491
-74 -5
-29 -378
495 62
-397 311
-325 -290
-393 391
-351 -141
-357 -443
61 333
-285 80
305 406
462 -208
184 -152
-222 -254
-353 -278
-118 -279
104 -3
-143 -82
-10 -248
102 -30
-450 345
331 -240
436 -81
244 -280
-73 430
-448 -243
243 -31
34 193
-25 317
206 251
-347 83
110 5
418 -135
-155 388
-253 241
434 -313
226 493
-295 -154
342 421
-380 408
367 256
-236 -9
261 -272
-409 169
-297 458
261 421
-192 -459
-134 296
-356 23
183 -133
197 50
40 -282
-221 -230
-85 139
242 335
-161 -145
246 247
293 -244
-42 305
-302 208
108 -346
218 160
-339 -55
-365 -265
-84 -124
-98 155
257 16
-258 -331
315 -299
-352 -379
258 231
93 -381
81 -292
483 361
-233 180
333 344
-23 497
-334 130
496 -3
484 -304
-26 -92
-201 -250
485 433
256 -9
301 -188
-253 -368
337 295
147 119
-235 -465
280 -458
204 68
-149 291
-410 -40
26 403
-90 488
28 -218
-343 -85
82 -494
-137 -355
455 -181
-306 -434
-475 -183
-405 396
-225 -365
-382 -83
-74 -30
-404 8
195 -448
81 -99
-229 179
-497 63
193 401
144 469
225 -453
-184 -414
-467 -440
30 13
-38 -431
-404 280
79 -312
17 -132
460 -160
246 -117
195 -348
-291 -196
52 -404
8 253
112 372
258 -325
461 33
170 -411
-246 186
-123 231
101 -465
363 -482
-287 -150
-47 96
5 -283
-254 -447
27 -305
-367 267
-266 -213
-90 -463
6 -381
-226 441
-437 -358
-57 385
222 55
338 131
407 -75
463 -222
-158 -344
35 183
-320 319
-1 500
304 -352
-197 386
-449 -219
270 482
-434 233
-217 -77
478 -228
-86 -192
-487 17
245 -236
290 -360
226 248
-234 -296
-335 -306
-108 489
-71 376
338 412
88 105
116 147
-281 246
-484 277
382 108
145 298
-370 -205
496 -307
-471 -417
63 -158
-478 251
383 134
-306 -223
-73 164
-251 -212
174 -421
-78 115
-394 -147
-427 -366
289 -467
313 -460
452 106
155 -393
-241 -196
-176 372
432 -176
-359 370
-474 -12
-291 -466
235 -19
47 10
18 204
8 173
96 388
-254 449
419 393
-217 210
388 163
290 498
-481 347
-76 399
-262 53
25 126
-181 344
314 199
-399 -493
441 -423
-51 -73
206 435
102 -179
287 -285
273 407
-210 321
450 336
358 -239
114 109
347 338
454 245
56 371
-3 -300
-349 -292
-156 190
-81 384
-295 -229
51 -288
-195 -160
-422 -415
-367 350
-448 314
265 368
352 266
288 491
-226 6
-237 -292
-31 -232
-290 -445
-373 -8
489 -487
-234 347
-52 -88
411 50
395 164
194 219
209 221
210 120
-294 -318
185 243
306 -246
260 67
-324 363
336 -251
394 -475
-118 -292
-325 341
2 -158
-65 52
-54 453
-135 -334
-84 -488
482 -357
-85 84
183 92
216 -251
-202 -367
490 460
-324 233
99 115
460 47
-275 385
89 -82
-16 96
431 -306
57 -374
467 295
-351 337
180 294
-60 366
376 79
78 42
198 -378
34 -97
-425 -19
-428 -84
-131 -7
302 -8
398 -342
346 -28
-37 382
-206 -342
-154 329
407 410
-244 -451
-194 -357
253 -303
370 264
-388 -382
225 -7
-411 -448
285 329
-56 -268
166 -95
-94 230
-37 425
-196 44
96 -456
-123 74
-428 -437
320 463
-128 386
-92 -4
-274 74
47 -476
179 460
378 232
36 -31
46 455
454 22
353 -477
-208 -252
-317 346
-334 -363
-413 75
-418 475
-325 37
69 -214
26 254
187 -494
437 212
265 494
46 339
437 168
202 -129
-353 77
242 -457
203 332
371 -337
419 -479
-477 -451
-445 267
-357 149
-117 -359
-61 434
311 -254
-207 -367
452 349
-250 -118
-381 429
-494 243
167 -474
7 122
-250 -285
366 -235
409 -439
480 221
27 18
428 132
381 -185
334 -226
232 413
396 -294
-334 229
-424 -399
-399 181
82 -489
-273 374
387 157
-334 184
-322 93
376 410
-478 -113
67 -366
-169 352
-316 -323
240 -53
321 76
-256 -35
181 -416
-334 -68
-115 -307
241 116
370 9
210 328
471 -100
-225 180
-259 391
-149 -489
167 432
-13 -307
148 127
-267 290
184 340
354 400
-407 196
251 -207
479 -168
10 -265
16 -452
-114 -219
-3 -47
-316 319
303 -360
-180 99
361 -286
432 -116
76 71
204 -242
316 410
-481 149
376 -46
129 -153
-212 -323
152 -128
136 -200
-452 276
-195 99
277 232
-162 242
18 212
-89 25
-229 -405
-64 -337
-62 -311
494 460
-311 387
452 444
99 268
349 218
-252 -447
-339 -337
-102 344
-411 -455
494 405
-112 38
73 150
-450 125
21 -445
-350 107
-231 -255
37 -139
-339 -426
320 -154
-65 421
-415 222
2 110
137 -135
126 19
121 83
-151 -361
-128 272
-144 -87
-433 -226
214 415
319 -35
379 142
-102 363
-84 250
-459 -26
-248 209
-407 438
237 403
-265 -458
-356 198
102 -259
-368 -341
-396 -71
220 14
-210 488
390 -288
-474 -281
104 -418
342 229
311 -23
-8 -234
182 -376
-51 -454
297 -424
219 -198
57 99
-136 305
399 264
362 326
270 -402
-159 380
-443 -141
-392 326
-212 -160
393 -100
435 275
-195 246
-399 -119
-238 419
156 -458
443 -66
-80 317
-19 -144
101 -483
-411 48
-485 -5
153 -111
-281 350
299 430
-54 -136
321 310
5 264
-280 -454
-204 429
42 -261
-73 -312
-442 -149
-28 49
-270 -245
278 -49
492 -494
379 485
-301 -367
245 -317
-127 -422
-385 -499
-71 354
363 295
-108 478
-381 13
148 39
-139 499
305 -326
106 132
-259 399
465 -395
283 -154
-68 -398
402 -7
367 353
-264 142
-326 75
97 -24
-246 239
-470 -381
-206 13
-3 72
281 -339
-366 155
-227 410
-464 105
3 -351
-364 128
360 323
-268 -370
328 478
-463 445
-13 350
-338 4
-178 -334
-398 73
-212 75
-235 156
-39 -228
61 -64
287 177
338 -209
62 77
-156 150
463 251
59 63
-270 -263
-176 -17
-307 -196
-445 -317
-162 198
404 -198
-59 -351
-185 -221
85 -163
86 15
-159 -307
-226 203
-285 -398
205 316
-310 -358
-129 -130
391 367
-127 -378
112 403
447 -459
-225 437
351 122
-446 -221
430 -181
-248 364
-387 78
-342 -498
42 89
37 361
-481 -159
468 72
264 462
-162 -371
-77 -273
264 -25
92 -443
-283 450
-252 487
-172 -101
158 -239
468 288
105 473
-358 -339
-425 384
351 180
302 -72
-269 -439
-96 -204
344 -297
183 -113
-461 -164
376 -172
-154 -53
-272 -497
-38 -356
-64 432
-27 222
-197 -92
367 147
-417 -216
38 335
-369 -498
31 -223
-466 148
65 -484
24 268
-229 -198
452 -31
-90 356
-115 432
-142 -393
-438 -184
328 437
148 -7
-316 8
254 -264
-244 458
-333 447
170 -179
-149 158
2 15
271 -105
245 -305
-120 483
275 -302
-151 -135
105 85
113 -219
-343 352
415 -366
-445 -398
371 473
166 -50
-182 117
-497 274
-148 -473
-189 131
-153 10
278 67
-468 -243
-169 -314
370 -352
203 -38
-222 -22
-276 -31
-143 -451
457 199
-200 364
271 74
-166 82
-205 -442
154 -499
120 -256
-319 -201
490 -480
-76 -202
352 377
-453 86
-370 -475
66 -403
466 291
-26 394
-123 324
-496 -131
204 68
-442 -18
-165 -23
210 156
210 410
16 75
-299 -409
-301 425
-201 408
-123 64
-346 145
-183 486
87 287
-245 113
-284 109
-435 -190
-71 -270
-430 490
-445 238
-130 466
5 328
395 434
404 -334
-292 191
-161 -175
322 232
-451 -428
203 406
410 137
-384 -9
-396 92
389 347
-329 -192
-288 248
-184 -355
-99 -322
30 -180
-485 -55
253 455
157 174
-208 -461
452 436
-142 -179
-410 -350
201 404
484 -447
-340 212
433 145
-99 393
80 -94
83 429
204 -493
-73 -146
-186 -481
-248 468
-190 100
31 312
-162 -90
498 333
-258 -231
-259 238
238 -78
-91 365
-425 -199
458 -191
437 468
-352 -396
337 371
-63 -172
-469 225
-479 370
-185 24
-437 -499
-254 -100
-25 -188
-42 -91
-126 -340
128 -269
-340 111
-359 281
442 -21
354 -349
-211 212
-425 -344
-43 -314
413 276
483 169
-282 -105
-258 47
493 -344
-356 -214
-485 195
-240 -94
470 19
81 95
-54 142
405 293
434 383
127 11
78 162
229 409
223 323
230 192
249 351
161 -487
-97 463
-472 -142
122 -210
441 226
115 -373
-343 264
177 46
171 225
295 391
-484 -56
147 -228
62 5
-37 442
148 4
256 -156
271 -403
420 340
-223 -305
-288 -215
-5 288
-382 -436
-60 -38
336 304
371 -69
207 318
-250 -272
-243 260
222 -330
-212 476
82 423
-142 -318
-212 25
379 415
354 -94
-468 -152
470 -268
-82 457
65 -464
115 -460
239 -127
310 -134
-135 -306
-216 490
39 399
132 -278
-139 232
-261 -197
-256 174
-265 -186
-178 -459
-499 398
-207 340
-64 223
-268 130
494 5
-60 10
427 413
192 259
109 -112
211 403
470 -185
353 -344
-358 303
193 364
145 275
-436 -96
142 367
-26 78
-325 120
-410 462
306 -174
412 50
-220 362
-277 271
-264 387
329 175
-366 448
-447 91
-132 123
2 -111
-353 -154
-41 -300
181 184
445 -71
248 465
-234 -390
-386 -196
30 -17
-180 -81
161 358
184 282
-333 -25
211 -61
-429 34
31 8
-238 -2
312 43
76 -408
62 -67
-177 208
192 -436
55 -360
464 -182
-176 -211
4 -447
17 -338
360 -84
459 -144
346 281
489 -211
-9 -263
273 32
283 172
-342 184
420 -490
213 447
330 398
-82 -223
463 440
-463 408
123 8
-17 60
456 197
-493 12
-213 -375
-39 -463
163 -495
370 -486
-198 161
-186 -265
-268 329
154 -77
349 289
141 -217
249 74
436 -81
-198 499
94 472
-50 463
396 -68
-350 -142
288 -36
-432 321
-52 286
-210 -316
155 -195
-316 156
76 60
-218 285
437 -121
-302 424
-458 438
46 -274
212 -436
9 455
223 128
102 -111
-262 492
-322 93
317 24
-147 144
75 238
-414 -427
314 -164
314 -438
-31 -201
-469 190
432 106
229 -101
-94 466
-10 428
160 -103
70 195
398 182
251 -110
21 -110
-377 99
-24 -439
378 102
382 18
-272 463
365 418
-64 262
-34 230
466 -209
-277 -293
-62 77
-482 -304
-206 121
265 -136
-382 55
-313 -375
11 445
171 -159
264 -130
-104 187
-299 76
362 -466
-116 -254
-429 -263
158 -26
97 -98
-395 179
413 64
126 442
153 250
217 -103
438 248
-324 48
-27 56
-204 -299
217 -488
148 220
104 441
351 -422
-325 -333
196 344
-143 267
195 -475
-184 405
-450 431
249 420
-396 -211
-202 -440
312 -222
-332 -11
316 365
459 413
416 -5
-102 -172
-172 271
49 -281
78 391
-336 153
454 303
345 -432
257 400
25 408
368 246
-39 194
170 51
148 427
-370 -349
402 445
62 -252
270 358
-271 348
479 423
213 44
326 192
-95 -316
332 174
-420 30
-140 -390
304 341
221 -173
161 436
-250 -53
-400 30
-280 47
2 -56
27 223
420 26
-81 189
-441 107
97 -339
-65 331
-447 -89
399 477
-196 -9
-470 410
435 -328
480 -247
-274 458
328 -314
-499 234
-24 -249
367 -268
-77 442
-111 407
-226 384
-137 -267
330 -230
370 392
380 484
-36 324
178 -148
-128 433
323 375
223 335
395 175
397 83
-436 -253
180 -407
57 -218
-67 3
474 20
169 -425
-254 -248
-37 -467
-462 116
-437 -391
-374 -44
389 -85
184 -76
-385 290
339 -282
-344 220
459 14
386 -114
420 -251
-387 323
-77 21
432 -2
-150 269
-332 93
68 -207
-242 198
43 470
-455 -487
-203 -460
-2 -86
381 -458
-252 457
-261 488
-82 -477
-215 166
-226 325
94 -217
20 -313
-143 446
-174 -346
54 -382
-235 -382
-186 -90
184 204
190 -342
-156 -201
462 -460
-40 -395
-252 259
-417 -406
-132 -45
-495 -101
90 -169
358 7
69 -231
-247 -114
406 355
401 -68
-112 343
-400 -482
160 -215
-9 -95
355 -194
-423 -114
-491 -109
-166 424
-128 70
148 7
-121 -478
-311 233
41 84
224 -194
486 -149
465 -7
69 246
193 234
-482 -121
32 -100
401 84
138 -30
269 381
-101 -390
-339 -337
174 -27
-28 -256
-395 -295
-236 -163
-184 129
301 36
420 449
-238 -365
193 239
-408 281
-371 -214
-190 415
63 -125
108 466
-301 -351
-160 -232
-383 -185
-485 -272
438 309
409 448
-18 -152
-101 -402
-99 384
-135 -8
-246 -108
398 330
-395 -438
-292 47
75 -451
-218 -158
-159 -68
-135 142
163 125
251 -77
317 346
69 -390
435 -351
-298 -330
229 -325
-62 127
-293 -226
27 -210
331 -365
-430 -256
313 227
420 122
277 352
142 -314
392 -113
-279 43
-27 193
-330 352
422 455
38 -234
-271 21
138 452
-449 -349
-406 -96
-245 -167
-62 -66
-104 -287
5 28
-148 -141
-70 -233
190 -150
227 137
278 89
-34 -119
-337 146
170 -454
109 -163
-153 -443
296 -70
-237 -347
-128 30
-110 310
40 -359
-262 393
12 157
490 -95
46 -220
430 -117
70 185
119 -365
8 100
-448 18
27 -14
55 -315
-357 494
400 -415
328 467
171 239
-82 -273
39 247
-188 -88
-228 -315
-251 -103
-44 -411
241 -397
-318 200
-15 7
-361 -213
245 29
389 -115
-490 -108
-32 377
34 -370
429 201
-263 -447
-364 -184
-358 446
17 13
-98 17
-274 14
-478 84
-422 -248
37 327
372 -483
-166 -229
-326 -156
-3 214
198 287
-62 -246
-7 -389
354 -218
-52 85
-316 -317
162 -385
280 374
-197 -169
-274 -232
28 408
437 -481
-19 166
-16 -192
61 -84
329 -165
219 -92
332 -387
90 444
-162 354
141 2
85 -424
-484 321
-268 -82
176 -467
80 258
343 -41
471 -320
-361 306
266 -10
-23 97
-191 115
428 -223
41 290
212 185
37 13
368 326
-202 -167
-14 -288
290 470
84 -415
263 63
-354 191
403 -191
-477 251
-327 405
375 268
194 148
-20 -411
97 -477
-184 -377
-297 410
-352 -296
162 -77
-405 -116
106 -254
-334 -425
95 -197
-167 4
127 256
418 59
-297 -139
231 305
241 157
-142 -215
-143 327
119 -294
116 -185
100 -226
-95 68
-80 -86
339 -48
-245 190
-143 -224
456 432
-436 -242
240 324
-220 30
367 -17
-333 -485
-76 -229
214 -26
-34 22
-313 -164
-401 -333
62 479
-84 457
-118 -445
-179 -216
-12 -148
312 -251
-393 276
-406 -79
244 -148
-96 466
363 463
-458 -341
-37 22
-498 209
-11 335
389 385
-88 287
-148 -374
466 40
-413 190
-93 403
-471 -458
-84 -173
-475 -194
-160 494
-160 -111
-173 352
-344 401
491 442
433 152
176 272
-168 216
-113 408
206 436
-131 -22
154 -462
365 -117
-438 -315
259 460
467 287
222 129
55 -499
339 382
428 180
-128 -451
-5 -53
-13 -475
-304 -94
47 -465
-267 -463
56 327
16 270
-325 228
361 252
146 -498
178 277
408 -440
-304 -73
-157 -222
58 152
-435 -451
454 -14
-393 61
465 -25
163 201
493 -176
102 295
-311 -248
343 -262
-158 318
-144 -195
388 495
112 75
-8 -403
436 374
333 -495
-351 196
215 -144
396 471
-123 -14
436 394
166 422
-239 -251
-290 105
409 -303
-341 -201
450 -102
-30 227
188 355
419 274
-87 -68
-472 -331
-305 217
-171 -335
-494 445
275 177
355 -193
415 27
-357 -95
209 -65
-32 -4
-437 346
388 -327
134 381
-120 -432
-324 -314
315 -283
-296 -359
-251 277
-17 -254
159 94
-406 -84
73 -385
274 371
302 -376
-488 117
-316 -155
-276 442
-333 -389
-398 37
309 -248
105 29
-311 64
279 275
21 -333
281 429
498 -93
371 -153
-126 341
362 295
44 -90
-61 -440
220 -16
-224 -342
-382 -316
303 -477
-164 271
-98 -34
308 -492
133 31
-350 -279
390 169
476 -97
-262 314
-96 -184
-356 -349
317 327
-440 388
-424 -325
-414 -383
144 -229
53 47
80 473
-347 -328
3 -386
-340 186
-328 3
440 59
301 -331
78 -175
-245 -142
209 405
-33 -75
494 -121
-415 234
120 -150
341 295
-301 438
364 37
-497 277
-201 -72
-473 -118
-80 -58
17 -338
158 472
164 -37
-22 -31
213 -320
258 -173
-411 -477
-41 -355
-194 273
462 193
-288 -106
337 -231
-343 -66
-314 -444
-318 -323
-4 -63
-488 -101
403 -140
-465 -20
-143 116
-9 198
277 -495
352 -90
-287 355
12 425
-460 -372
-270 -177
-118 6
387 -94
-419 75
268 229
31 -132
-333 458
213 56
177 361
339 183
37 -435
332 152
-494 -280
-168 283
-435 48
-68 143
-236 145
-286 -206
328 -333
388 -70
-119 91
-140 456
-436 -10
-53 234
372 -404
92 246
-386 -131
-355 -390
119 68