1000
10000
-944 -285
-452 612
-561 -759
-271 681
-735 94
766 -340
286 -538
103 -865
249 -503
844 -372
-277 979
629 -181
201 -314
-31 565
-198 -131
-249 -817
-617 -889
-738 754
-110 317
538 874
-50 -637
-436 457
541 -253
22 -300
-759 677
815 409
469 -409
739 145
652 130
139 846
573 691
-849 409
-347 -495
557 -678
-956 -484
-749 -284
465 -701
-739 -625
-724 659
-448 -747
923 156
688 -889
-20 35
740 -530
-725 -369
-505 -948
817 612
927 -546
686 830
-38 -419
440 709
677 581
207 70
-220 569
-666 541
549 -571
312 652
823 -308
670 54
-179 -759
-886 -542
520 -535
-71 -485
-526 -663
773 -507
416 613
-141 835
21 -451
556 -455
-747 941
-562 919
-400 -59
645 213
588 8
-596 265
117 -209
-554 -326
-325 -117
276 -707
-398 -912
418 314
669 -211
735 -299
296 398
704 341
-854 511
213 -714
198 879
-945 -28
-278 -538
876 479
601 747
-203 257
872 -47
-18 623
303 -36
950 -603
-513 -593
17 510
305 -565
245 -358
-471 176
23 633
578 557
-192 950
836 655
865 538
-917 -322
661 -855
618 444
-648 662
202 -610
-605 856
-486 677
-786 -919
869 -927
-298 -621
29 50
65 -795
-305 619
-69 347
-413 -519
-402 -96
507 -668
-3 542
-616 824
-161 -154
-573 649
-974 400
962 -195
-762 193
362 -290
239 -516
101 116
563 -570
860 -566
-820 745
932 148
-464 70
-285 213
-347 -921
647 87
159 239
271 -50
-983 629
-122 914
266 -481
166 352
59 565
370 -785
-300 72
-208 -899
470 372
-533 -598
778 672
429 820
-435 -773
-831 -70
-269 878
253 -305
754 215
-858 591
544 -329
912 -581
178 890
227 -652
762 462
490 -162
187 918
-26 505
-910 283
751 -414
-691 -575
38 -500
-64 331
-672 460
493 -702
190 23
400 -785
-366 831
11 16
-349 283
567 383
-765 749
859 -88
-433 905
-627 649
-85 581
610 367
107 589
230 954
-852 -543
843 866
-195 -411
-682 498
-527 539
360 -536
199 315
-590 938
-87 -804
338 498
-137 -64
421 34
756 896
-833 958
850 391
-747 -704
298 -386
-72 -584
220 746
-838 -518
463 -82
-585 282
-773 -563
-532 160
89 -281
-929 -655
-27 -362
-715 -612
540 477
-761 -594
916 -152
-640 -442
374 610
367 744
337 -424
-242 798
434 35
-881 548
556 502
719 -773
78 -17
-849 -28
-410 28
-595 -172
-628 831
752 -465
-910 -364
-608 35
565 593
-285 -843
-1 -1000
-955 -840
-777 -622
486 -194
781 881
-300 500
740 -291
-607 -493
-984 433
116 -952
855 -997
-25 -457
-759 771
-737 -220
-434 -533
852 -171
592 831
-379 -219
-17 -933
-614 -736
638 492
836 515
-847 -396
251 -619
-908 730
-162 -64
297 -538
-931 -367
-19 287
-186 142
-923 283
792 -832
-499 743
-165 -498
-538 -47
320 -989
-88 -550
301 656
913 -570
-725 298
229 370
-471 377
844 752
-509 -378
892 -595
-951 137
-950 -332
-174 -592
700 -993
912 -735
412 -160
-719 336
416 -832
-625 -23
913 664
-5 -418
-560 -107
59 -351
566 -788
181 -305
858 -350
389 -354
-723 533
-806 -230
477 814
-100 14
455 839
295 893
-917 54
-582 -220
-610 65
104 636
-662 -602
-538 126
298 189
743 -919
583 498
76 94
189 -183
-973 371
700 921
546 -562
-919 184
756 597
252 -711
-598 -604
241 -804
-352 302
-58 -777
690 977
-208 174
-425 -985
406 350
-906 -695
-181 595
-339 -416
-785 241
412 -71
131 -815
569 -916
246 492
682 588
-244 228
-551 -860
380 -166
634 -62
-938 981
-231 146
-185 -166
451 -182
914 -602
325 583
-148 -641
34 -971
-500 926
-597 643
73 704
44 993
-248 -425
-25 714
-383 768
-139 962
-233 -347
-738 -592
-832 328
265 -976
680 268
-660 -13
-875 -276
602 105
-461 -375
204 966
152 234
-607 954
-898 -49
436 520
-603 57
-38 -702
-861 402
-560 494
-208 252
686 830
730 279
664 674
484 126
-508 926
-283 -618
879 641
-517 -985
430 133
710 327
811 -42
-675 -999
-20 569
283 -682
-977 -566
-146 143
787 258
537 -598
-649 161
-578 167
-792 897
-111 -37
951 -954
317 -61
485 476
996 192
-990 -587
432 713
144 -857
-910 122
-897 -568
-21 -238
-961 919
-512 -276
942 -64
-399 881
456 658
27 -255
42 832
-992 403
-620 361
-797 -338
-533 -480
810 -842
-930 -109
253 -192
986 41
-910 -990
-924 -37
-405 -322
-714 31
-75 -909
527 167
394 747
401 -89
297 197
-820 136
175 755
-561 180
454 765
-57 52
-429 790
718 -943
346 782
816 -19
-190 -98
-507 877
-681 -65
690 -533
309 -138
664 -350
440 -453
244 141
390 -406
-310 -605
-756 -438
179 -431
968 328
-650 -301
206 246
733 862
843 -167
-192 996
-33 -562
524 -512
-353 -140
-154 -719
-528 -902
-977 -83
759 -856
-110 -338
975 120
-7 493
467 541
-59 -449
133 -648
803 -826
-745 -687
-925 907
21 -776
807 -354
-124 -249
-846 773
258 597
-526 -974
521 673
479 190
488 -459
-950 -853
-202 -849
-73 -206
-383 376
-847 -199
269 -512
191 -866
-9 510
-484 195
-327 496
-640 355
-395 78
-222 -308
60 -500
255 57
-355 122
-354 -274
86 -331
767 549
-980 932
-769 -477
-48 70
-480 -497
815 -266
522 -241
-265 72
967 367
-351 118
-462 798
-986 281
245 413
205 -643
-625 337
-499 962
137 -279
-516 136
-50 -503
-143 815
-313 767
543 492
981 -219
102 524
-225 -197
767 715
469 -282
-289 522
939 -152
-392 820
853 -315
161 720
243 -766
-914 -958
-417 -714
405 663
-942 393
927 720
-381 -916
316 -495
311 424
841 423
-762 -804
465 296
-919 537
-417 -526
-208 108
-571 488
-313 551
267 783
-121 22
356 506
-650 555
745 202
-551 384
-711 -944
627 233
-354 -792
550 -147
-61 -129
-222 910
163 125
501 -612
-107 -184
216 888
382 -787
747 53
-252 234
642 528
296 -833
-979 -498
7 268
-631 730
-463 -785
-37 -579
811 181
-369 65
-403 671
179 -628
-461 -257
328 -655
-146 -350
-557 654
-938 -252
-370 -481
813 104
-879 783
125 290
604 51
191 -618
671 83
-703 203
-495 814
-96 -256
351 -253
505 117
-954 -49
-753 -119
417 -318
437 -295
-878 492
136 93
794 441
-23 124
-817 -51
90 997
863 603
581 931
-792 -860
427 635
114 831
25 -42
280 -122
91 639
429 206
-902 -145
468 709
602 -350
-827 743
-458 263
-378 112
378 624
-901 -125
903 -125
-447 -147
-95 -585
937 -441
-385 -172
-91 -271
934 -408
-313 811
703 -443
-344 67
573 -168
257 -248
-693 -974
-442 -820
-720 299
730 162
554 -268
-358 -169
897 683
825 94
296 -647
457 189
-621 -168
-638 -454
939 598
817 56
379 95
219 920
22 587
-536 -97
866 27
203 777
900 84
-422 107
413 798
-948 -218
518 -465
41 -769
998 -972
925 -103
-135 660
-339 828
219 958
624 500
-532 -382
176 -654
-690 985
-250 -180
229 353
240 -556
890 38
-557 -725
-837 -478
-253 -139
-73 920
-606 226
142 -975
614 -540
-981 618
877 -433
-867 -225
890 -655
-720 287
567 425
442 870
-598 -666
-450 -102
-741 56
-21 159
-673 365
109 199
26 -709
-991 923
182 -472
-478 374
-596 -151
126 -496
226 983
-287 639
602 298
-671 128
-2 -463
-864 -159
-620 -607
270 -426
798 -205
291 442
368 846
606 805
661 -653
930 -508
134 -925
-414 -589
481 298
-783 311
-152 271
-487 -837
-654 -336
437 -421
-308 933
-877 787
466 -935
499 -854
-549 -522
-781 944
215 753
198 -729
-982 973
-359 78
-63 46
196 861
183 739
70 268
-899 -429
593 -799
-488 162
626 35
-996 357
344 624
-889 -379
-62 28
375 -619
954 376
-917 -906
282 726
32 -396
892 -400
-857 819
-952 -708
583 259
535 879
-351 944
350 -37
885 436
-740 -970
563 259
787 870
-29 566
-657 -265
-604 -49
821 941
560 450
676 812
-479 -487
666 -3
-755 984
-976 -224
603 941
801 -56
708 -420
-639 576
-967 979
874 760
-197 -843
915 693
953 181
183 606
-680 877
812 -806
-396 -765
-317 559
-871 156
149 -115
-803 -355
583 -155
33 642
399 -998
-209 32
-323 -624
-335 967
326 948
-155 -742
777 -266
532 -372
911 190
328 -653
819 737
-479 -316
-390 604
-226 -2
-771 122
646 658
-292 853
-975 -538
-114 692
-678 -534
829 524
160 172
-314 -870
762 -28
71 -851
-257 -620
-194 -32
680 98
-481 -55
-438 -344
-169 926
-486 -964
-292 941
65 965
-988 -161
43 -510
-825 -280
-742 800
-215 579
-26 362
180 -466
569 190
646 -307
-426 -819
-894 969
-491 768
435 -282
-633 132
-458 -476
-881 -728
-664 -23
943 452
-825 260
488 -648
-153 690
-582 -949
-183 578
-774 -435
474 -390
784 151
-867 -231
583 173
678 249
-52 -308
-238 -521
354 913
-950 -619
361 -986
-247 -769
718 340
-407 -26
-61 -295
-270 -880
-114 -163
-490 -62
-568 -624
96 -25
-529 -835
982 -449
894 -959
461 508
-591 -699
745 -139
-122 -5
-110 -956
-670 -548
478 -897
-294 -988
554 -670
-387 -15
221 436
-281 -337
564 63
679 -126
658 -478
650 57
-103 464
962 577
-584 -973
-586 511
851 -918
-831 -426
-37 -720
-172 498
-324 884
448 481
782 414
-346 797
492 -246
725 253
528 64
425 271
626 370
611 365
756 332
95 -409
645 -354
197 440
177 617
-790 662
135 -892
-208 -992
-718 -578
-944 146
-92 -976
-768 920
180 257
-215 -647
-121 286
902 -843
-626 497
316 575
731 453
-455 284
-91 810
493 256
766 188
-849 662
-781 875
-478 66
-666 -801
-680 -276
801 149
466 -409
895 233
-833 -4
208 649
191 -526
463 212
-16 371
578 -579
-651 -605
-772 -310
323 872
-548 -645
-932 -955
107 -806
-340 -893
-98 226
780 -405
97 -718
7 -307
-667 576
-989 -690
664 767
-726 535
749 7
-686 474
217 -549
427 -531
-461 -42
593 393
-787 -648
-716 969
527 -647
175 -80
236 -878
-276 684
-610 -11
-903 -646
548 911
-810 832
-485 -304
-514 -28
149 848
-618 12
-725 635
-364 -582
-927 173
844 301
795 879
-622 -490
954 119
-799 711
352 507
514 521
-623 -157
-525 344
41 682
-785 -353
-882 762
-586 -266
-757 -252
-865 -286
-807 255
724 -930
58 -553
-730 -939
-505 -239
-6 -698
55 703
-75 195
649 395
251 18
949 -649
-267 381
-15 -432
933 926
759 -901
-428 50
-417 -633
-892 757
176 156
947 -223
-13 324
367 -906
-445 276
527 -782
-159 -118
204 455
619 -242
-231 -946
428 342
-995 648
932 912
-484 901
-504 -445
535 837
-413 -597
-852 484
264 15
-387 -718
-140 -676
626 -994
559 -660
-854 -943
-374 -921
-3 -79
566 -925
-527 -106
839 -660
16 -419
-819 94
706 581
-213 474
565 44
-479 -765
41 244
-622 -443
-852 997
-523 436
853 -365
-865 -448
-17 -564
62 558
910 -730
123 -984
-778 -87
-289 403
75 -461
-246 -907
-859 -516
-408 218
730 523
854 266
-722 -688
65 -595
-502 -313
609 -212
804 903
865 -774
973 988
-534 547
323 -800
-604 144
385 -940
898 244
-452 734
883 400
373 -52
-204 -828
-861 -244
-88 414
856 431
657 286
136 -786
-915 -142
-751 303
-434 887
-897 621
-965 661
-54 159
181 -455
-529 -279
865 444
716 -289
-301 -924
845 -507
-931 898
-456 719
315 855
266 -332
-238 971
891 -554
365 70
569 904
-80 780
452 -478
196 873
319 -789
-966 -12
-796 438
-121 -580
637 -979
210 -36
-114 -369
52 -593
-321 -880
749 345
-360 485
-500 -535
-489 -376
-537 366
-348 -304
716 426
169 161
-867 163
295 449
-561 -239
239 -920
-703 -155
449 -944
-858 -538
-202 246
113 -628
526 779
-378 -708
199 -318
310 421
-537 -448
246 785
-931 29
206 -664
-85 630
-390 -387
-243 339
-179 567
232 -470
-738 -798
-538 676
-675 -955
-51 17
179 -731
-481 -608
-455 713
588 -637
-455 634
853 123
-956 743
-325 38
-985 583
931 -785
-203 -9
742 922
275 249
-847 230
-74 -524
397 -196
-76 -943
203 64
757 349
796 892
305 77
996 -743
-110 49
393 -524
412 346
542 -222
-389 297
837 484
-129 -556
-770 897
345 -975
-66 -611
127 -657
128 208
-903 509
905 -903
987 -100
645 -275
-661 -43
853 -297
56 -169
-249 -685
-324 721
397 340
819 597
-217 -373
-48 822
-642 -64
-996 342
-918 165
590 -46
-682 -801
-674 681
-433 -243
-918 -654
-525 -884
956 468
-51 -241
597 -531
312 836
352 850
900 176
-153 599
-577 417
209 -285
44 -619
900 277
-22 -324
-253 550
916 -760
-168 501
720 421
-903 456
-265 474
34 224
-782 644
-400 -448
577 -424
-665 -581
164 506
-556 -307
-252 -634
771 -121
-86 -57
-427 -114
40 607
616 646
528 329
-294 676
-865 714
236 676
-299 902
234 562
582 966
-502 -290
732 -952
455 553
-916 -231
857 -846
-614 983
444 -568
782 -398
336 -699
744 475
612 -686
814 -746
6 -355
210 937
-402 692
-357 -598
-556 -105
541 562
260 937
398 683
919 29
108 -822
-543 269
-363 394
927 -293
275 960
780 -18
901 596
-953 721
829 409
-549 330
-286 -500
-679 911
-457 868
975 -169
-169 972
813 -116
78 211
364 191
634 -929
-535 -976
-920 -478
-601 -473
-487 171
-481 -549
8 513
126 -756
-142 889
880 747
-112 -911
-211 -175
-98 322
-139 -499
-143 -466
-617 964
690 -875
932 -179
-865 -862
-494 999
949 939
747 250
-135 794
-941 -176
256 -21
140 671
-908 -826
-87 -414
265 218
629 127
861 547
-879 514
-164 -816
-672 500
240 -284
237 -522
184 889
585 571
-118 -42
98 23
30 -765
298 673
-65 225
-195 560
753 -920
271 563
-279 -700
-772 -397
-317 -364
654 733
8 -807
683 -401
-814 -877
-886 69
76 -910
201 77
564 -212
605 -770
782 713
-981 -990
419 -58
706 -875
-187 706
-86 429
-749 -656
-590 -975
-371 506
-816 815
-633 -819
467 753
-256 -43
-627 -521
321 -498
-851 218
70 -610
891 -434
492 958
-373 678
-32 -420
941 -227
-454 -81
-523 57
-66 -192
317 314
-514 52
446 786
-180 22
-356 -983
-652 -99
-113 758
-626 -33
390 -853
403 516
483 556
-605 -660
-960 -982
-448 -431
-830 275
-799 453
536 378
341 -357
-867 182
-241 -406
-420 184
926 -274
-66 -321
-744 -530
388 -237
411 82
-236 -203
441 -411
765 91
-447 -950
-424 -62
23 -995
345 636
-657 132
-835 410
18 184
-949 -614
688 936
193 -283
786 -584
838 300
-162 -672
-54 376
-981 -980
-102 -516
818 843
417 -456
935 -110
-599 109
-754 233
-8 -949
367 843
111 -37
534 210
-405 -529
-994 -221
227 913
-989 379
339 -368
-463 -623
-783 -86
687 -424
677 -44
33 931
-597 816
-956 204
-678 53
-272 -218
917 -226
273 -50
330 -575
-976 280
-157 621
-973 244
-913 561
826 -5
827 -354
-932 -190
195 -243
768 -584
896 -504
-770 944
665 493
170 -231
980 494
-977 333
-221 368
-961 -640
670 -869
-168 -730
145 -986
956 -424
-169 -197
-627 989
-238 770
49 699
63 -314
773 -429
373 371
430 -944
161 971
-821 374
-736 -280
80 -224
-389 156
-327 -267
938 -526
71 -863
400 -662
965 261
212 497
-192 458
-891 -4
-51 931
-690 -526
666 -606
-481 925
941 -15
-346 57
-843 -585
977 -783
-136 118
898 -877
-946 -226
-638 624
-268 -557
343 759
47 -706
739 -511
210 -753
-365 -997
-894 7
-569 460
711 575
616 -771
685 -932
-499 20
-265 999
594 -76
-869 -159
836 3
239 -110
-359 991
-205 666
-60 740
635 358
-787 -128
-345 -840
-391 -635
-456 495
482 -183
659 -479
-381 465
-502 881
-531 -548
962 -889
646 -268
753 259
-656 492
901 -646
329 393
54 -284
494 -215
-979 -22
-662 89
-767 779
982 807
-627 891
-805 290
-415 61
-695 209
540 881
-664 242
-669 917
-48 -644
326 -106
48 -478
-859 -617
792 436
724 599
-506 130
868 987
875 104
-260 -619
427 -943
-177 -309
99 898
-585 -42
46 -451
502 544
-722 395
-535 402
516 -864
-58 776
-574 689
954 -226
203 868
-369 434
-398 -293
885 125
-103 -699
-221 817
-290 -32
98 -875
-860 -244
-371 -65
270 207
826 -966
-17 101
-544 -22
877 9
-893 -416
943 -636
-982 637
-64 -441
-887 -793
161 -664
-304 318
-684 160
-333 632
-915 853
221 580
188 -522
-351 -25
388 -847
-879 233
619 -184
-511 15
-551 489
96 726
795 -246
-506 -122
593 259
384 -152
-572 -812
-464 397
573 616
-843 926
636 27
-314 -782
-557 -256
-743 120
-507 513
-468 -158
-820 830
381 388
-905 -538
781 241
304 104
835 -849
-550 673
-411 -865
-70 -570
435 -654
186 -756
861 -302
746 850
678 474
-662 525
-435 -186
-103 -995
99 -260
450 -614
565 112
585 -386
-293 -302
594 612
-668 422
665 848
-420 -300
-788 -593
704 393
685 -50
-835 561
417 115
-292 713
584 -215
-40 -596
552 71
-702 565
488 803
85 217
-365 502
135 157
75 -791
-885 -674
826 -19
730 28
863 11
-836 -5
579 -842
-666 -428
-520 -801
-899 -165
313 161
-453 -560
-95 -121
-503 -168
-672 -918
144 283
-936 -792
175 518
250 -76
-612 864
-968 984
407 -937
572 -843
445 697
-913 -649
-331 899
-102 -181
-867 861
-917 -198
-836 577
716 -616
-158 -348
-672 676
-264 -95
124 408
350 909
-168 -58
-761 -472
-806 561
528 -438
-434 779
-586 -522
529 -176
551 373
-343 175
712 -883
549 417
-602 -664
702 530
677 -997
819 619
559 415
-97 -596
-155 -833
-309 -248
-330 -665
505 -255
-956 -382
648 -188
829 -413
759 330
806 -936
88 -632
359 876
-38 -457
-105 -257
-979 393
114 -751
384 287
497 322
-518 430
-363 -838
930 564
272 868
-847 -470
635 -963
890 -310
326 -851
864 755
763 560
-585 947
-387 254
-773 -197
235 -889
-966 -743
-858 -604
190 368
-515 38
-852 330
-339 323
961 678
-288 117
196 -607
-242 961
657 -732
228 919
-749 -641
-268 -809
390 274
-664 -90
-934 353
-87 670
248 796
872 505
949 60
-452 390
-925 98
-271 -971
-249 943
-436 -706
956 -593
698 635
-394 -753
-165 -83
963 779
175 941
486 450
-77 94
-488 765
64 -382
-107 -193
-264 -850
-212 767
38 -556
-305 -72
969 -808
-379 810
-54 873
815 386
574 -279
309 168
28 755
-549 -383
97 62
14 -4
141 -309
-472 -911
520 -515
-596 -770
249 -534
791 998
-372 273
-81 778
-515 151
-782 -953
-396 167
-154 911
-525 -948
-727 244
657 -884
-688 -348
-351 -745
607 438
-796 -441
116 -982
847 811
-999 -74
858 67
303 769
111 668
356 -955
-940 -643
-806 -987
191 937
682 -236
133 -891
895 -534
834 955
494 48
830 -989
-593 -468
671 -288
-551 -951
498 -671
699 -141
-144 685
301 -255
-345 760
466 -640
-978 -728
-934 -836
603 -573
-991 381
-508 149
57 980
-68 721
-480 -430
302 -430
172 830
561 -75
-294 990
-993 -374
200 -189
-869 15
588 129
-351 -632
-272 -174
-330 259
-128 -714
-539 -431
-517 557
611 -389
-778 237
-438 -708
-384 -146
-577 -834
-73 505
211 -492
-495 937
565 134
183 891
-452 -328
188 452
784 -541
328 -835
604 832
-398 428
-434 663
659 -82
-536 569
902 -788
770 646
178 -147
519 127
945 328
731 463
267 -826
699 230
-672 93
-690 729
151 126
112 -485
-129 -542
-495 236
120 -819
536 -584
524 -116
-51 787
-39 -430
758 -277
374 680
-993 631
534 -778
227 -158
76 365
552 236
-749 -744
130 956
404 -633
-100 287
34 -18
-671 792
-918 507
-183 -412
46 650
86 -495
-977 -422
162 -14
-283 -641
537 281
-420 -546
-985 552
558 -156
977 -468
-209 -425
683 84
-767 542
517 676
323 134
631 804
-441 343
890 870
487 -609
968 -734
-451 192
-208 514
719 -281
283 676
51 -574
-132 -30
116 521
158 513
-585 -55
-692 567
81 -888
718 289
967 170
571 -131
-701 -412
-89 759
832 313
186 -837
-334 -675
-262 -763
394 -953
203 546
471 905
-188 666
490 349
748 575
-263 905
-566 -321
-49 165
190 -806
-735 109
-612 936
-492 -822
-43 939
-500 989
15 242
826 409
965 169
-530 -249
-666 798
-615 -33
302 770
-195 -179
-95 -695
616 22
-91 -929
238 -408
955 544
-190 815
-500 -248
-492 -338
484 -612
-92 -807
-336 -56
693 -977
-800 -262
-24 -7
424 -142
-693 791
8 836
-668 -784
-883 986
430 -909
-499 799
281 826
761 -579
580 909
821 -956
-227 -214
-802 426
-327 -203
-395 -738
708 22
484 -228
901 745
-598 194
771 542
279 -549
957 80
407 -230
519 988
-544 -515
460 966
956 -125
-592 -250
124 203
710 620
-368 -272
-939 688
-439 -270
-281 -169
-827 209
324 -875
914 409
-538 -99
713 -292
800 -845
-195 -160
-498 -582
73 -913
836 -673
376 -569
-923 -676
14 -216
-186 -202
884 716
345 -522
654 -209
444 -772
-638 -982
-606 -566
688 860
-888 110
-637 -340
-884 357
-461 -779
80 876
-466 614
31 -350
952 592
692 155
-629 -757
-771 -749
-150 -742
-59 956
-413 162
121 264
-97 518
395 -163
-659 876
-394 -570
-514 -467
-792 -608
680 -175
494 -601
85 -859
254 -145
-253 963
-487 -358
-26 -348
-99 576
-288 728
-178 59
639 947
-162 -53
592 176
59 -595
609 794
-991 -96
74 760
-797 51
545 -447
-232 878
-654 386
907 -66
670 717
169 891
899 687
-280 432
-167 212
569 94
-547 762
679 -943
110 -292
760 927
15 659
200 657
453 215
30 277
-423 817
597 -802
596 773
125 -852
-787 -152
422 342
-840 638
-120 309
856 -556
901 125
-743 811
374 543
-599 -763
-251 -654
849 -57
908 -301
325 -449
-617 -793
962 751
-111 487
178 156
499 -401
-189 772
47 -766
-801 537
875 -261
-749 -845
702 -738
-313 126
-142 228
154 265
805 -864
-283 -926
204 817
797 -205
730 -759
-871 610
790 -53
-122 -649
173 -235
140 430
-481 566
420 -311
213 71
-547 103
283 -936
-616 -647
-593 710
646 -313
-756 -950
638 849
976 239
644 532
-941 -117
-985 -633
-750 -162
-891 -501
452 -364
111 -199
150 890
578 954
-972 -167
673 665
7 -46
258 801
-417 243
827 -264
379 419
-26 -296
-670 -746
550 954
525 -282
73 233
392 -368
751 302
-543 134
102 566
746 478
983 348
-954 940
-217 -457
819 820
404 -392
-265 -413
983 -681
-313 893
523 565
-699 497
-522 36
582 -563
597 -313
955 702
-876 760
952 229
-42 -618
616 -392
683 -371
-127 -704
444 -860
-130 852
-780 349
-941 35
296 223
232 870
-4 -695
307 375
421 -807
-61 -981
-71 -108
936 551
899 -578
-34 -683
-59 466
314 453
192 42
751 -875
621 -893
560 -934
-370 736
-86 861
-12 -156
-495 382
473 267
937 793
162 -189
-464 -317
71 287
-26 899
-882 969
809 474
412 682
279 814
-926 149
636 509
194 -183
470 -382
187 -223
-371 224
-544 -246
-310 -397
-159 -555
-523 -524
-949 -849
832 476
-25 -646
-452 219
417 677
729 -25
-379 -586
672 -629
642 156
208 -291
833 266
-977 -232
582 -722
-328 -885
344 644
629 383
380 -713
-869 -910
14 67
-596 92
-454 778
118 -110
952 -595
271 -284
-339 286
583 -770
-620 -533
614 -894
-771 -332
104 740
760 267
267 216
736 920
445 436
128 562
-421 -872
-437 -778
-617 -775
-439 685
-72 -920
-174 46
-419 -890
-88 67
991 -443
-897 -59
-209 -262
136 963
627 -839
367 847
282 768
466 335
396 -75
-914 -35
-156 574
-185 312
325 -581
-241 -208
259 968
-724 -704
-672 -391
878 -891
293 -851
-233 925
-641 843
92 -179
-694 908
-642 401
-818 -573
-204 -548
296 -616
-428 731
-631 819
753 815
121 -301
335 -395
-959 -554
876 621
642 -374
-877 -644
-885 -829
419 -597
567 718
233 -312
121 525
904 349
-867 844
810 -622
262 -379
-177 -317
-564 -642
797 -753
647 925
330 788
-183 -233
230 -23
-499 -243
-986 716
579 14
226 448
-18 937
-40 745
462 -653
695 711
-89 -697
-353 704
97 238
-337 447
-549 893
-864 658
743 445
136 -685
-458 594
-526 -269
798 -496
897 -206
-552 -389
684 -945
749 233
939 606
389 -310
638 153
-666 -257
-377 391
802 -512
-105 -396
516 -452
336 92
377 695
-969 -906
-891 -549
-772 17
-779 572
543 -97
245 896
-181 407
562 707
671 -53
-609 -4
729 -524
-987 958
674 -875
-127 -330
-934 119
53 -159
-193 551
-39 -835
335 282
-286 -635
-600 743
150 -162
905 -451
841 209
12 -697
600 -135
-355 -391
720 -837
-961 -49
221 -567
-383 -290
5 976
-516 978
-289 942
-584 -722
206 190
-659 -286
880 -174
-950 131
655 963
395 17
-905 277
270 168
-53 237
-814 -795
-135 -895
-303 95
264 -685
137 404
944 165
921 280
-449 289
510 125
-366 965
719 958
869 745
864 35
-301 778
616 200
277 776
-476 -961
-238 -883
724 -905
-699 733
-872 536
-821 -811
585 64
-58 -485
-707 -593
-992 -961
-3 82
420 -947
-491 981
366 95
699 -262
544 -743
685 478
-615 65
604 222
375 550
997 639
6 -464
-677 -148
-201 -425
-459 -60
578 277
514 19
-126 -408
-628 -770
906 -699
177 -265
-917 910
415 -382
-655 434
750 777
81 -23
791 -876
-561 -488
-10 633
32 288
472 738
451 515
-367 -848
-116 -865
256 -45
731 -52
186 -103
-724 398
-708 544
-767 772
827 -394
-895 902
-196 -680
448 793
299 -307
-933 -866
731 -233
815 940
29 -57
182 -270
479 778
478 732
-361 -988
-196 -916
-80 820
943 257
-552 780
201 352
-15 92
211 -819
-258 -514
-385 -196
612 -359
-59 -654
-362 -838
-373 911
-400 -84
366 160
-671 -562
372 830
584 861
547 -202
-740 140
-689 -506
-278 254
206 740
-615 395
-84 97
821 977
-212 113
791 -533
316 80
-238 -454
-344 -824
-648 79
-232 427
-297 506
-542 -147
603 76
-741 596
187 -105
993 318
916 261
700 646
469 426
-967 -867
-527 -829
-799 565
-736 -691
-691 -85
764 810
-748 -671
-13 305
-567 -822
20 303
-728 -179
-829 -814
869 899
295 -932
-610 -742
447 998
447 -608
957 -254
-265 889
-457 771
-505 284
6 180
647 -914
125 126
-351 -171
-481 -923
197 -777
95 -658
993 -239
-473 686
652 -272
196 -270
-767 -849
498 716
-553 989
-758 26
-823 -665
-516 940
588 -615
427 792
-81 -459
-377 -27
254 949
919 -384
-82 540
-693 451
-658 189
919 580
434 -543
-188 723
-528 256
-435 466
137 242
-111 -578
-974 -607
-677 -889
617 -766
615 557
-648 244
-926 851
-221 389
408 156
506 266
-489 225
569 390
508 -574
181 718
-308 -650
273 -814
973 -716
-686 85
821 -835
-672 232
-904 707
46 -722
999 -766
594 -726
574 322
-840 620
-351 -159
667 -941
269 -632
248 417
-322 -311
340 822
762 -753
959 -823
819 -200
743 -442
354 -110
-727 -892
-850 -90
844 596
865 623
-885 -37
648 -491
538 578
-773 808
-920 355
-963 -547
-125 740
950 906
-485 -967
-763 40
390 137
404 986
121 -729
673 -225
-597 718
-974 -484
-648 -64
488 382
-677 -207
-212 20
690 392
-955 -964
-974 -672
967 288
449 370
742 -120
758 514
434 740
625 760
-180 971
-39 136
-672 -225
-357 -551
-729 -520
582 765
90 689
-14 397
-4 -811
-353 556
-569 215
-139 626
900 -250
24 -597
186 -772
-831 -697
-823 662
-98 -988
289 -7
285 -86
823 -430
-31 920
-975 143
-503 -852
-167 786
450 -961
686 -589
765 -815
216 726
-907 -798
198 -683
607 431
673 531
311 -908
-37 780
-306 423
170 -476
383 244
115 -799
781 877
182 178
-504 867
-872 899
766 999
-757 193
-336 70
-574 395
994 -156
484 806
-43 858
-305 921
-267 -55
-950 -130
-971 175
231 -724
684 113
953 201
424 -601
-903 -47
-701 245
163 -116
-160 917
-568 931
-20 644
-981 -729
697 156
-368 -365
-122 611
545 -69
719 869
836 -732
263 -909
472 20
665 886
-361 419
-838 -964
111 162
-258 492
-912 -997
-99 436
266 -124
-888 297
-798 -519
376 -826
-683 813
485 -606
397 537
16 -298
-543 -256
88 743
-522 721
-179 60
649 -658
646 693
-311 -814
-914 209
-55 190
625 475
-499 786
897 919
-699 822
2 -174
709 -789
879 -240
886 812
553 -202
772 -807
-169 932
297 889
-836 -501
592 309
-526 -703
-819 -948
-68 230
681 581
-401 -729
443 801
224 445
-83 -131
6 963
-82 -819
698 -278
613 -466
604 -421
-557 -907
921 -673
532 -641
-972 -218
-155 -977
245 -420
-969 551
677 -445
802 686
977 -750
-267 452
-605 -919
-327 -770
204 705
637 914
796 -938
552 748
-219 679
206 -194
-606 378
-88 878
487 974
747 146
599 -118
70 -779
146 14
450 -395
800 -941
470 653
469 845
-510 -831
-392 61
129 -891
200 -722
607 884
936 946
103 600
-992 -516
-580 -605
-159 -951
-125 -848
-108 -847
-588 671
-438 600
-334 823
-863 951
-170 272
-87 -173
-716 116
299 -68
-287 -728
174 -975
-725 -109
658 461
494 -441
-401 -764
285 221
631 926
637 116
-202 883
794 -434
-789 -916
740 -743
-553 -69
-423 -257
186 -281
250 638
675 -630
-528 -490
981 929
-250 -601
576 -119
446 261
-550 506
111 291
-908 -197
-966 918
422 -12
-858 300
-484 44
-608 -499
510 618
871 -421
-899 676
522 -284
-473 842
-856 772
-815 655
548 83
-422 -227
-638 -382
-803 -123
-124 -410
314 -154
-23 627
-292 682
-32 261
-152 -33
840 370
685 -265
213 -522
-735 473
-711 -154
228 861
953 -166
-1 1000
-321 370
-204 990
768 467
-19 122
-825 582
999 -556
511 -172
-845 -316
125 -873
993 826
-966 780
-200 615
-755 278
679 919
-687 164
610 -985
-836 497
-501 494
864 358
980 -938
287 148
-507 -531
-957 -203
-607 -638
180 77
-215 -769
41 -841
-956 -950
928 -771
467 363
205 569
781 610
-323 -587
910 953
161 834
-487 881
403 -38
902 253
-662 585
-64 655
-96 -670
435 -11
-953 522
429 -73
-187 373
-570 186
-869 106
800 949
-898 -684
-598 -141
224 -408
47 -507
-824 567
-468 779
190 234
992 54
988 -267
-924 472
102 886
325 373
-941 -722
-828 173
-753 -825
679 773
51 -518
-132 -300
-128 -47
-957 721
-926 -491
840 25
-488 596
-421 354
801 -746
871 -369
-419 799
225 -891
609 -130
899 -559
-256 -306
-246 822
770 -180
176 -673
-572 -558
-838 -174
546 -325
282 530
893 -212
85 -939
686 204
775 -412
607 631
390 -402
902 414
-14 806
483 212
727 -118
-573 -735
-9 867
753 227
-453 961
-17 -587
509 342
642 29
710 -300
-510 -572
-560 -589
-197 670
741 -926
305 -124
-51 354
-187 -636
339 -87
-410 396
-342 892
202 -549
-408 176
384 956
-403 -532
-581 62
-206 -156
-978 975
63 5
-108 -541
-637 23
60 -750
-448 -361
-6 -763
-573 -907
-202 209
-6 881
88 -177
-352 132
-651 -687
-733 -545
357 -142
798 571
-412 692
-629 593
48 -59
-138 -8
-896 -393
-560 30
492 647
-309 162
387 -56
582 -904
-702 -60
-224 -928
-573 -677
208 362
-346 869
795 -149
61 -379
281 -824
507 26
-761 -234
276 -595
932 979
418 21
-770 -269
701 858
863 646
-227 -372
-36 985
-630 -596
669 -225
670 758
644 76
620 -721
175 -642
-525 75
-965 -490
-849 -710
994 -668
208 369
-274 -913
23 -819
94 988
-885 -37
216 -765
35 910
-404 189
524 -418
-431 66
523 -574
-20 -78
-868 -716
-803 -335
206 -272
335 281
990 411
277 274
758 -679
43 -860
681 579
-988 482
411 -792
-789 -186
136 689
584 296
916 -852
-774 701
-561 431
-899 471
-81 -447
897 430
-873 109
302 568
-311 -495
973 -703
-512 937
-604 826
-555 865
-928 -728
481 58
536 -674
-351 87
-740 431
794 -359
828 240
343 -522
460 469
-482 221
354 -949
-492 992
-545 563
-186 656
-366 -364
287 -504
-214 -232
954 -869
-525 336
-911 710
682 -781
-102 -455
639 -102
594 -496
164 -117
183 -730
-744 -544
-866 224
-417 -926
-678 724
348 -158
-613 922
-321 -32
586 -259
-75 711
-221 -617
920 -35
-46 -653
-734 -547
862 -75
-380 920
436 -339
835 -754
-227 -250
950 -23
555 497
478 -981
545 937
367 -725
993 879
57 371
-554 735
924 -457
-431 941
779 -989
-149 -464
294 196
-562 -16
-710 -888
-852 -345
-774 216
-630 688
269 -95
895 -662
936 -583
887 856
996 986
304 686
717 -756
343 -224
-86 457
57 73
211 276
86 -956
950 -409
-739 912
909 184
613 -144
492 331
228 -201
306 -441
-241 -230
216 457
-922 155
-239 -630
249 807
-283 -602
184 768
-299 -524
440 -788
54 -787
-532 904
-729 -912
500 -699
453 302
-472 876
208 12
84 924
-588 -639
192 806
-666 146
-995 676
195 890
481 635
298 762
926 -240
908 458
-222 -128
-879 370
-313 473
349 408
-355 -146
95 -396
-179 -850
-248 905
707 92
-50 -669
141 429
663 -619
-132 292
-954 531
-681 412
429 -492
717 -468
560 -571
-55 -24
442 -765
-860 680
-886 -888
-329 -847
598 992
-597 -79
688 -378
-567 -625
-876 -923
-991 -30
-724 -565
65 -911
616 322
91 -575
610 826
-123 -534
-970 -848
-296 670
-990 190
163 -608
226 714
439 -631
763 -769
-907 -235
-616 67
266 -944
609 68
118 243
127 -700
496 328
-632 250
-281 -269
-968 -855
859 -96
256 -542
-496 220
-435 168
-872 -717
-856 61
125 -764
346 -927
955 -429
-418 502
-629 -193
246 347
853 385
953 793
-225 -962
508 -98
-163 891
-477 248
3 -771
706 252
404 -834
-129 317
-269 147
-502 -392
-523 834
390 -32
490 132
441 855
-517 -264
-381 -128
-302 -110
133 -638
812 186
300 -942
-144 467
475 445
399 -185
21 419
-241 -295
305 -103
-290 757
924 945
-299 173
-962 275
774 -571
380 -165
-841 495
489 828
-178 -911
719 404
618 -394
-460 -573
-752 -283
548 911
824 -758
439 -391
414 -840
-282 -652
-752 -765
166 -759
-521 -291
-101 -771
-867 -289
116 934
-532 -428
489 -366
151 -24
-974 763
-902 -894
-184 -208
-264 -877
79 547
-833 713
-909 111
-783 204
584 677
277 903
627 -643
997 826
-468 -457
-432 136
138 802
875 177
758 886
662 769
307 -371
821 868
828 840
43 -316
-674 -500
-39 -477
-179 -14
568 -644
321 -667
200 -702
917 913
182 -754
709 445
-835 778
156 -193
-615 -36
315 -712
-804 -43
622 141
526 661
907 134
585 -776
776 554
-482 936
39 -423
-73 -463
-826 565
-39 -907
632 836
621 100
-420 -228
-979 -868
102 409
558 -214
861 370
-952 -263
-402 -333
887 -444
-378 732
317 -100
-200 223
436 -85
-413 604
873 -462
351 388
-568 612
460 -355
-155 589
-101 888
472 -299
315 139
733 -374
774 -164
-275 226
890 -664
149 -531
622 -106
832 -937
-320 85
-646 523
-434 -974
442 616
356 -829
757 450
511 776
79 73
-620 -748
-240 -472
83 -32
-215 786
282 415
-512 -270
-8 469
-76 -344
260 610
-92 848
249 307
355 -823
-155 250
-360 646
292 -674
275 882
874 -460
124 -143
-574 880
-97 291
-230 -477
330 42
670 -985
536 689
-911 -857
-5 -929
-673 574
761 766
37 890
535 976
612 151
-377 -359
-936 -645
-245 -609
223 848
616 -806
898 145
-749 176
-742 -163
-486 -78
899 109
-867 -753
-319 -692
-717 648
-156 -392
662 -480
-658 494
-185 930
-551 -404
162 -5
-854 292
390 -127
-246 -577
-194 -744
-737 682
-828 626
-691 -281
153 -895
795 -370
-472 846
869 795
975 62
-584 100
219 932
87 926
-183 998
-8 163
-853 896
748 33
870 638
-191 -461
868 -568
985 59
-220 144
-640 20
27 -434
-525 823
502 -392
-367 -666
-700 445
556 -459
460 52
-331 426
386 41
-760 944
-120 -32
108 -841
-254 -279
-428 180
151 825
90 -934
981 497
283 -869
-674 -525
835 -975
758 -200
-597 -312
-181 -436
877 95
977 -860
854 -140
-733 -389
-448 -47
-461 -760
961 339
691 250
135 637
-734 673
-547 -139
337 212
214 -884
639 352
-834 30
29 -503
-774 244
-292 -94
-588 -377
-204 -490
119 24
-692 -874
229 546
-776 601
-745 -890
200 356
-65 810
-723 -449
-141 842
-631 -978
-693 893
-108 -835
867 884
750 334
-295 -725
-287 -520
268 937
-986 -869
580 -523
-853 221
-99 -340
388 116
254 944
-770 901
-797 -461
471 804
661 -436
101 247
-448 947
87 435
-262 -458
651 -330
-961 -513
916 830
285 -212
512 -394
-684 -308
900 889
-842 -184
-796 -188
697 -148
-81 340
901 116
672 -726
246 -52
919 152
-87 -284
91 -239
-427 -418
892 -540
-397 -232
-740 -943
272 -349
-721 755
-961 -343
-124 -327
-838 397
578 -589
-58 350
-15 604
-290 860
-644 -375
-777 549
-818 177
-480 555
309 57
-577 -647
995 -9
601 -414
676 -100
58 904
720 -634
-167 -324
572 -369
332 -777
-811 -293
129 302
667 269
-371 -81
817 -23
138 198
-445 -761
259 -945
-680 874
-357 31
-57 -169
-902 2
581 -672
504 962
-354 -149
-779 575
772 298
272 283
-200 512
-923 221
-215 600
555 -103
-544 915
417 209
-366 -855
-961 449
-657 -88
-824 -101
367 440
-396 -470
-762 516
961 16
-982 -275
-711 998
-696 -843
-67 798
51 198
-897 -369
-63 259
134 -75
75 435
-978 766
-559 -805
-372 757
55 703
-2 875
-268 -45
-776 896
802 -55
-191 128
-427 955
-964 926
921 -161
-814 -292
-140 -293
-719 -398
-476 -807
462 -605
491 937
-802 523
573 847
854 253
-288 21
624 -553
647 -619
889 -770
-860 655
709 487
-67 361
688 -191
826 824
-328 -728
196 -483
987 696
764 329
788 395
198 -312
334 -45
948 -867
865 435
-646 -694
-174 -431
-535 -686
380 -775
978 673
624 909
-825 -55
388 -895
-122 88
21 -330
-343 -683
705 -392
736 508
-362 -244
270 634
763 -200
-958 641
534 394
-839 174
858 610
278 636
624 890
61 -917
385 -397
-46 851
9 -772
-84 -875
281 -118
-762 -581
398 -337
-65 130
-525 -680
-56 -224
401 90
-440 542
115 997
-311 -113
275 222
463 442
100 58
-664 408
-954 318
-271 -779
-805 -734
529 -569
607 539
-270 -625
876 -325
234 738
-160 840
784 -493
285 268
83 800
-778 -251
729 -411
-611 987
-297 105
370 -652
-222 46
412 798
-462 144
-308 -904
-962 896
-760 380
-836 -880
-989 932
447 258
-616 556
-187 -301
-738 36
418 917
24 -465
209 -102
-86 -631
917 225
-145 138
-543 307
-439 441
289 136
598 452
461 338
-582 -297
860 776
573 194
80 88
-968 -21
-37 -350
-681 205
-595 904
809 -715
470 -712
-514 -404
830 -423
879 866
-752 -263
727 612
165 970
-698 461
950 346
784 71
-658 985
222 -456
23 85
463 948
-969 718
298 -904
994 -309
809 -876
-560 815
249 937
-665 835
-671 -505
-492 251
904 301
-442 -199
-753 212
218 461
821 865
407 -890
-777 925
-873 594
244 765
-865 333
-36 -924
697 -723
52 -713
64 421
351 -526
721 -563
609 -353
554 492
-863 -693
682 -391
-256 699
751 617
-507 -552
61 143
685 -930
-157 580
-991 554
723 -763
-560 -639
-985 196
944 -807
-371 411
533 891
231 -786
48 -646
733 -801
-781 820
-193 170
271 496
499 -564
-284 282
358 440
-519 218
-390 81
287 -10
-313 615
-591 867
70 -734
323 795
-40 915
-541 908
-996 381
-303 -140
-311 -270
-973 -68
34 -868
-631 -654
-930 -497
408 321
180 519
8 -61
-148 362
942 -393
276 883
670 32
455 -959
-619 -69
-309 756
-715 -453
-575 584
-815 -329
304 168
851 -143
-16 781
617 -208
855 502
85 406
755 119
-286 -680
740 -913
471 486
107 927
-956 749
377 967
760 804
-86 667
973 339
-302 868
-393 298
-671 -624
622 -624
-897 -531
737 -45
-567 506
851 930
-796 847
-71 -49
486 -4
720 -974
-585 -702
-213 666
-370 -347
-148 996
-822 -312
568 766
630 -915
676 674
-133 522
291 19
170 -22
142 -735
553 226
-293 -349
-286 -802
-423 -776
-148 -476
-453 -978
782 -152
-61 -55
833 283
-637 -176
-560 696
761 897
-498 -476
-215 412
-279 841
-227 -868
-37 -327
-717 648
-554 -518
-221 -425
461 -748
-286 590
618 362
-199 -847
42 -182
-234 127
-79 -483
334 228
-782 190
617 691
-322 -885
-713 842
43 -237
-584 -228
-190 -60
291 554
876 466
791 -83
859 -721
-898 937
-253 -467
-55 -658
923 957
627 973
-678 -550
-433 -45
-43 604
-583 -48
-203 -80
937 900
-684 584
-484 -281
-434 -986
-278 402
-647 -392
894 -420
24 539
-63 -619
-216 -278
642 -594
952 -143
-473 -30
-738 -283
85 -913
552 95
227 124
612 -126
-597 230
-831 -747
485 -964
807 34
-621 -359
796 -738
-858 -253
596 -284
-261 293
-26 692
-878 924
350 -196
-737 167
481 -723
-706 -897
-655 868
479 -697
-623 583
217 50
-487 -312
-198 773
515 -588
465 105
425 -709
249 375
818 200
-137 608
265 94
912 -192
-181 901
4 -320
609 572
337 -416
-608 170
500 -480
932 -774
232 890
-897 401
-135 -713
-253 959
-792 -477
-849 -566
171 -338
-616 526
192 732
-413 321
163 71
-837 183
-280 -798
649 -769
-735 -997
-881 -292
330 -69
70 -646
-459 -377
257 624
195 -136
-650 -815
-835 675
-706 676
832 422
747 -921
-127 261
997 -212
-343 -608
-568 780
366 -807
446 7
561 -581
228 -706
-793 13
178 -598
-320 -276
729 -473
-457 109
-454 -768
-326 316
884 -333
-713 -714
376 652
-308 675
-794 -892
946 124
-151 -247
-280 -144
-499 395
-378 145
-529 -840
-885 -506
966 -897
-111 595
-901 -784
184 -783
337 935
-147 835
-189 416
158 -447
-599 668
-242 474
946 204
80 162
-360 952
-251 -820
268 609
504 -892
384 -242
243 -118
-123 864
-355 -969
-373 -264
-290 -712
-690 -682
728 350
192 612
-376 804
845 184
210 -610
630 35
-508 -108
-459 335
314 207
758 -292
860 -284
-315 131
757 214
905 -402
-156 -272
-869 -910
178 356
-724 760
357 -98
-95 -323
537 -873
265 565
-394 536
658 -802
-469 814
-404 551
-543 -28
104 407
-423 674
-852 -743
-758 916
-388 -66
-559 -450
869 -819
682 -183
403 -359
-793 215
240 -870
307 704
-592 -473
604 123
-175 636
-187 -847
539 -576
-218 369
-876 721
650 -929
-352 5
650 757
-796 761
660 -185
-99 455
775 -762
-819 -699
-191 962
914 -457
-188 -747
377 667
-509 -621
441 31
720 -731
313 327
-291 -205
-545 708
-776 64
-140 453
-175 -52
689 589
344 437
-84 -931
27 -247
737 -222
660 109
313 550
655 -990
329 427
-51 -222
337 74
544 -666
446 140
943 555
725 512
-780 590
524 -297
-958 -376
-220 238
93 10
-563 764
-565 -568
-899 163
609 -890
22 -783
-414 -95
-986 -744
-441 44
-738 816
-944 533
674 -376
-142 -661
462 465
173 257
-892 99
576 860
-558 -946
389 -180
955 283
-120 -785
-977 958
12 561
-8 290
695 -98
-100 -298
566 -776
70 -457
-703 -822
-905 101
-965 150
831 424
-817 339
-258 199
171 656
-514 -70
998 51
14 208
28 -924
-119 952
71 94
251 434
22 -175
-456 -430
743 -228
-988 745
823 -67
-626 -963
936 637
829 107
-254 268
-656 892
264 753
721 -638
-407 -187
-591 625
597 -250
714 -602
851 638
-295 887
612 868
226 809
-814 844
-448 812
-445 -599
983 694
939 176
64 303
602 -458
-708 -759
-336 -514
-688 -160
138 898
-793 -453
-608 -36
-224 225
-956 -675
-303 -531
-609 366
122 -772
-792 9
991 -848
501 -642
-919 -978
451 370
949 -447
-578 -225
-645 -769
-673 371
-320 419
316 -595
-514 -199
-515 643
-959 -756
721 2
-340 -93
745 -645
-327 203
-520 -367
97 803
514 -470
966 490
-932 245
576 405
531 348
729 683
681 -364
775 -875
935 -334
-456 735
690 -290
63 525
-635 -217
916 -186
-562 243
606 835
122 303
-372 354
-25 607
-376 -779
382 545
-689 362
673 18
-977 245
-212 -792
-368 364
-410 -875
31 -548
-68 -814
665 -122
-990 56
-59 228
-383 -631
-972 971
826 -763
-433 601
650 -497
-746 556
538 82
751 269
-451 -233
986 434
-884 -452
287 35
-591 338
-932 985
-590 -809
-198 -820
715 67
-844 444
-544 -756
505 300
-449 -270
-307 -802
147 202
359 888
364 -689
112 -854
351 136
778 -210
630 488
-319 621
135 -874
-156 69
189 -805
978 -524
441 276
-166 -713
-513 -52
216 -606
-498 -948
-464 383
-872 -503
113 -438
-578 56
-8 -677
451 413
554 -375
420 877
250 667
-475 392
477 965
671 65
-378 251
-157 56
62 -772
826 479
-120 564
362 -488
-423 -679
-971 -497
-706 -138
-594 687
-450 -949
612 -701
-401 -406
431 939
-526 -105
157 -217
-874 271
-743 -153
276 797
49 -498
-237 -409
722 934
731 -703
-292 -545
-647 -500
819 -470
719 831
-117 491
685 -597
115 806
845 -38
-855 -445
155 133
347 -832
183 407
-993 899
563 934
249 -189
-380 678
-515 -774
873 83
232 334
-906 -978
-177 -918
512 -943
-415 -597
763 493
521 446
-84 803
175 646
-764 951
-780 48
106 -163
367 879
-74 -685
-939 -777
-466 -30
462 111
576 687
-362 -490
-739 -989
753 -215
400 -99
-62 -93
522 470
-358 -650
665 38
-324 779
-364 715
-532 930
-454 113
-573 521
143 -993
785 90
445 51
-231 -165
440 828
202 95
142 771
328 797
-7 300
491 804
-192 502
69 48
745 953
-675 726
-743 774
-581 69
-378 -800
-464 -48
929 -414
-776 -658
-690 285
850 -228
-264 974
620 -900
-9 -19
-694 229
1 -1000
283 -104
-838 -42
-862 -274
-621 789
-162 343
843 -447
-115 515
457 699
-190 138
348 964
-683 -608
667 -714
165 -741
-829 -360
323 898
-939 426
-528 -871
-255 -909
942 -30
321 132
-954 -527
-77 676
349 677
-84 -111
670 753
450 28
-403 680
-258 -998
-376 673
348 375
-498 -870
965 -792
980 -744
-485 -106
993 886
549 5
-251 117
-309 -934
665 -763
918 384
24 439
968 -464
685 214
588 955
718 -610
394 744
-233 314
-238 324
633 -530
-766 -174
-80 198
-943 138
711 460
980 -12
-679 -983
659 29
-437 -189
-783 -177
230 -968
-714 199
-61 648
-332 359
-391 993
-968 -378
841 -825
660 164
-716 398
408 445
-979 422
-279 -59
-983 -474
-469 440
447 29
885 289
-619 -769
-136 -348
686 -497
49 576
848 -503
-364 -957
-808 493
-264 38
61 499
556 -276
-817 -866
-144 620
974 484
181 514
-593 -652
-441 -334
-44 522
-730 929
629 -967
291 -674
-825 -955
-549 379
804 618
53 -230
725 683
845 -643
947 603
-264 -996
-132 -336
603 472
-624 -32
485 512
144 24
-243 -701
-614 -949
880 499
-105 140
-967 475
377 958
-922 364
-307 708
-337 -842
-891 -145
-63 122
-539 298
-728 124
-89 919
914 197
-310 -218
138 -180
-990 -271
-445 -890
-398 -943
-177 867
-798 214
471 -710
-790 361
577 -468
-294 -116
-389 -921
-900 526
-113 893
61 -173
-564 -950
169 820
-803 -419
714 972
-13 -538
-401 984
928 -931
-62 983
-102 -266
592 410
619 -590
-690 -265
808 699
999 699
822 424
84 949
-106 696
-885 -175
-731 -493
784 -615
-944 -806
-588 311
-13 609
-85 699
-957 -812
-145 -546
-99 537
453 57
-900 -942
442 4
-228 740
-786 412
-16 430
-6 -334
-717 -680
-407 174
-988 -68
-947 -269
219 143
833 -902
872 384
398 219
-219 -475
526 -188
318 -426
-810 -727
487 -225
-118 684
337 -572
475 841
-326 541
988 -762
-132 888
-826 -843
437 820
376 -522
344 622
208 409
-538 959
611 -710
23 474
-32 -570
789 -686
-399 939
-652 215
-719 198
562 -87
696 -295
47 -108
588 -130
980 -800
838 -824
243 649
-763 -100
-131 -982
126 134
696 -633
-9 -98
-271 449
-826 810
-567 -973
982 -848
-107 905
-127 -104
456 904
489 -976
-567 -747
818 950
-590 -820
-220 816
-956 -565
-268 867
528 -233
62 -103
511 220
-508 364
683 83
-719 417
-529 -690
-727 882
-369 -600
73 -849
777 10
993 989
-99 41
-176 -573
610 -871
-812 159
-994 -895
-182 -185
-744 -6
-401 325
706 902
-890 -468
653 117
-987 862
70 392
814 948
-708 166
785 -583
722 -849
589 -707
-649 -723
-729 -314
654 111
-724 -900
-59 418
-979 677
-504 -293
634 36
-127 490
-502 -937
-617 472
-869 405
369 -694
-10 384
640 745
970 -285
-609 -211
-781 585
-150 -969
-792 -402
-769 841
909 975
284 -455
-758 381
93 719
70 712
-151 -396
-538 -454
-465 528
554 -655
3 -856
-314 -45
-113 549
685 306
-987 121
127 410
-246 -721
282 -962
720 -488
62 -332
-892 -215
-793 -489
-553 387
664 -404
-765 57
86 601
-806 168
-281 -424
-883 -392
400 452
-309 -927
961 569
95 -674
-93 -726
38 652
249 -439
656 171
-524 930
182 969
895 401
978 -129
-221 879
628 20
624 871
-666 411
-618 -176
-484 836
654 -289
62 145
-446 -667
201 219
754 661
183 633
-957 938
816 -333
684 918
16 -530
947 490
-287 -823
337 -965
91 -536
-470 779
663 125
-846 -765
186 -447
367 -132
-997 -599
-844 -567
-873 313
454 512
-330 -775
-896 -865
806 702
-33 -687
-319 288
925 804
143 543
-381 136
720 500
328 118
-143 592
-534 -952
-165 -302
322 -751
-145 764
-308 678
-304 206
811 -552
446 -325
-266 -724
189 645
560 150
-891 -667
39 -429
-995 -119
248 -518
-440 -284
742 9
334 341
-901 595
927 -979
690 -990
35 936
843 -416
233 718
-893 -102
-701 247
-912 -3
-362 626
-441 51
479 988
945 -156
-503 -189
-150 63
-336 -974
-620 503
-298 536
934 -478
-139 978
166 162
238 111
-134 -971
295 -459
-107 428
956 -267
-525 -851
-976 -710
345 240
151 -805
-549 -913
966 -851
380 349
-481 161
232 -315
-874 795
-910 -834
289 -454
7 48
941 695
783 -665
-690 717
646 -129
-316 434
639 -117
-559 862
307 -939
-458 -419
967 405
359 -978
-702 523
-704 9
-36 -612
179 -931
-921 -494
916 -306
829 210
876 -519
-203 818
-296 517
-506 -773
-248 -16
-590 -551
-923 417
-174 -290
-38 -554
349 -139
472 230
873 -10
-399 -299
-931 797
913 489
-801 -113
869 -255
-587 -107
539 257
-818 177
-805 903
-762 635
737 -351
-104 -530
886 -311
710 -805
-571 828
757 -95
-862 602
433 985
718 -112
670 -254
75 162
802 493
845 313
-857 -265
348 997
919 -437
-198 -481
-651 -341
-712 22
-233 -121
-602 922
716 643
-194 105
587 798
-256 781
245 -762
32 335
32 674
711 85
-441 842
528 569
896 288
126 -468
971 765
-214 -948
-856 189
941 -369
-639 -162
380 -647
-396 -821
633 -799
738 -791
-218 150
798 -982
868 326
-414 567
-679 125
526 109
199 414
9 923
10 -2
-70 -587
-229 443
-599 -744
-361 736
-465 327
538 -488
614 -721
-468 814
-721 725
-952 -334
978 -573
806 521
140 161
898 119
-485 -425
-534 -662
-611 -309
361 -390
-914 290
733 -441
252 212
266 684
-909 -896
106 -622
-952 554
-552 -314
-843 626
-192 -68
-431 612
-308 -49
-133 355
182 -445
115 179
469 -372
-885 931
583 -548
-118 332
-670 -39
-765 -847
-912 -308
441 -663
729 914
543 -298
-955 139
-681 385
497 -533
-695 -918
-671 678
568 -752
865 -813
398 308
918 219
-420 -317
-958 538
-184 998
-776 -221
-506 513
-38 691
-12 -816
-463 475
542 531
-382 366
-80 -294
-359 -147
436 274
818 105
-234 -760
539 263
75 -237
730 -932
-517 275
717 -777
-378 163
913 635
388 -407
-831 -17
-406 -488
400 -155
-561 318
-758 847
200 -776
678 -73
27 -749
758 637
-144 996
-739 -183
-13 215
-912 229
-792 -301
199 -658
-675 -179
-559 -91
284 401
560 -670
613 702
238 967
403 -777
489 -123
295 -236
-288 764
-169 -435
825 -143
602 -601
617 -623
-660 883
-968 -404
-17 386
737 -968
-814 -57
-34 584
-12 -406
687 -860
706 31
289 -554
-260 668
-333 744
618 -323
869 728
445 -538
-451 372
321 -144
-96 -246
-808 438
-232 -326
-188 -418
-291 90
731 -307
565 567
451 -761
-627 137
692 -89
-347 -605
-655 -735
721 -180
-81 713
-98 -522
-404 -459
-348 -128
914 82
-611 629
-175 -779
-723 -849
-241 418
-15 418
687 213
-916 648
179 789
-568 -944
-17 -278
-279 -90
195 961
445 499
-610 -794
383 625
517 -744
226 560
413 702
-136 -176
386 410
-83 422
-788 976
818 -904
471 -740
-118 456
-731 203
-814 355
-752 -780
-154 951
210 357
828 -142
-667 -30
-863 524
-534 927
-865 -444
-419 626
400 453
331 -770
-118 841
-132 -25
-595 484
139 -759
324 81
38 -797
-709 -67
476 553
-952 415
108 -255
673 -350
875 891
380 870
719 394
396 -17
-47 607
-104 -731
739 383
-471 -595
-339 700
161 -490
-765 394
-923 348
910 426
-798 433
-769 -713
-969 -699
-127 -25
484 622
785 -848
-63 976
-941 -937
-831 437
-207 -984
-175 794
-339 876
-313 890
126 844
-211 -224
-235 -653
-16 49
-541 -836
-41 -189
-45 861
-294 127
-811 -352
698 435
-225 -824
-908 173
848 -638
-130 -78
-854 -264
556 658
-29 -34
807 -837
-495 -354
559 934
838 948
961 -887
-97 437
-107 -288
905 -601
817 704
861 -744
-10 63
-589 959
-593 -634
421 -459
473 -307
-863 855
-308 338
-659 10
-399 636
447 -681
580 43
-537 -793
-609 78
935 197
788 -24
297 -918
804 -478
-891 554
493 283
24 -666
784 -173
773 -192
119 193
-103 200
874 434
390 956
-339 -200
383 -950
-455 -135
459 -797
-469 954
-839 -554
-58 -933
-764 -196
258 238
201 -690
268 298
-959 -728
431 332
521 38
990 964
67 -749
148 -420
580 110
420 626
-586 958
-781 -825
-507 658
-728 371
-928 772
-440 29
-758 205
452 643
-520 -110
670 -16
-135 560
-343 375
-684 321
-990 -483
876 -608
-952 269
-373 -464
409 -141
733 74
775 -271
-767 -626
289 -660
-130 -658
-111 222
63 466
965 880
-70 335
-936 248
-384 -336
-348 749
-519 215
-986 309
-623 -887
-439 -889
-644 778
-228 641
-992 967
868 418
401 539
-248 736
-152 51
-182 -678
-743 -761
-447 -505
276 683
614 609
-333 200
-612 239
-578 -498
366 -697
844 359
907 -459
-329 -141
-153 652
-354 -131
-173 -893
-559 -60
-194 530
338 779
-737 -325
-313 -996
334 739
129 674
-694 652
-658 715
402 518
-16 -8
-809 -676
162 505
233 179
-769 989
294 -890
937 -902
-553 -815
-209 -392
-420 909
472 -539
-833 -499
-812 -71
199 977
-669 -563
-401 595
691 -253
-727 -843
653 276
-986 151
603 650
-536 -977
-152 417
505 -885
55 -905
-465 -57
615 -707
825 833
675 -40
-610 288
774 -285
-854 918
801 549
-966 -805
-42 663
481 -233
766 -410
-264 -493
-20 -793
914 859
669 82
-299 94
-284 -543
-139 -900
878 -593
-283 48
-697 -759
-309 -938
-518 -97
543 -587
-346 500
312 -113
-199 -86
-764 707
-529 -774
-259 106
452 -682
391 352
528 910
782 941
-893 368
-83 -751
-934 962
619 959
-205 242
-159 -514
-292 -91
108 -508
-906 -31
-533 -705
-67 -725
11 310
240 615
-53 215
615 -911
-789 -471
-703 -978
-280 -896
-799 -773
-745 -219
531 -912
270 -554
48 766
-140 -537
-886 753
129 -409
254 -891
928 402
945 539
-271 146
-910 730
851 -774
689 784
575 249
-178 -661
-490 28
891 610
-409 790
-432 839
395 -732
863 -739
-971 -472
-763 -398
-341 -427
-565 741
-555 183
465 -464
131 -642
578 483
733 281
-194 944
233 49
-82 118
307 -598
-64 902
43 -441
-758 -367
-338 810
764 -535
-329 334
397 -128
599 794
566 364
597 -198
58 464
-953 -430
828 -9
-716 900
123 -190
137 -38
-566 -192
-592 -938
-251 -595
-107 -772
336 115
-825 765
102 768
-609 -546
785 -207
365 686
-452 788
376 -29
276 -184
769 27
-906 -607
-46 -126
943 497
850 296
285 -756
-767 -763
-195 74
-898 -218
-25 848
914 -619
53 250
2 -342
240 222
-543 -507
449 560
196 197
-330 -976
658 98
-535 812
245 858
-27 -432
-336 850
-718 -681
-767 -437
68 -689
641 219
649 230
-178 871
224 -518
-257 695
-431 507
-792 -790
92 -385
727 804
740 217
501 203
417 -537
869 -622
-398 -451
-701 -406
868 238
491 98
-233 702
-86 656
621 -973
-347 831
-187 769
279 322
-929 954
-678 -261
947 -545
-356 -951
651 971
-252 -624
131 -414
183 133
505 -238
-107 -180
194 37
-286 17
412 -652
693 190
-760 -256
-168 -106
-666 773
7 -519
412 -26
464 41
-665 -718
-810 -776
773 -65
-436 719
-691 -65
-572 7
-206 -782
50 -938
346 -121
-618 885
-227 181
-317 904
-172 414
313 119
-498 -804
489 650
-528 -819
-19 -76
-244 761
949 646
904 180
-246 -297
-555 60
-383 354
432 935
-704 900
-243 579
445 -323
-278 -701
-388 825
10 209
-661 913
-172 -311
726 306
462 -381
369 354
-804 -707
-710 318
-378 -970
8 885
37 789
656 980
158 827
-258 -143
-269 713
-78 -164
-835 -790
-669 -331
856 -515
349 655
-929 -302
268 282
-758 -829
-231 419
107 -591
758 441
-404 -73
473 -299
-986 -332
-739 -931
-612 -407
846 -140
-289 -338
736 696
-231 519
-232 440
569 379
-864 -883
-223 -73
433 449
-541 -112
-706 679
666 -957
-417 789
624 456
982 269
718 -155
-983 772
192 852
679 -226
735 -269
156 -200
111 -204
-69 232
149 -823
-349 -391
-324 -137
21 670
-954 837
160 390
877 -874
966 -524
192 -242
660 488
-866 510
-516 970
-441 -411
102 645
347 39
117 297
179 -701
521 126
-188 -252
-53 524
-811 154
-334 834
599 903
-928 -114
-739 -532
669 884
192 -669
-251 191
-785 -909
809 -565
170 -695
718 976
-181 506
801 -898
594 764
-791 -392
-554 -692
584 655
-405 -769
-559 355
-53 -279
122 -419
-293 116
-964 -960
324 721
-129 -720
-175 -853
-239 747
-511 -927
-846 264
-870 -832
-213 435
-138 -868
684 -933
606 -538
536 319
226 -308
860 -708
366 -765
523 721
-191 229
-988 437
-603 -341
-94 798
127 286
-454 -69
848 -403
342 95
-461 679
-713 804
-714 146
884 120
561 218
914 160
-716 182
665 -791
-218 281
504 581
111 -87
-517 647
-345 676
398 728
548 -909
-643 43
-852 212
822 549
-712 827
216 -16
-393 820
-156 676
-348 495
-881 -632
-747 -873
-393 78
132 640
975 -862
-775 -802
619 -573
587 -605
-230 -634
911 -87
6 32
25 -580
941 964
769 -991
436 578
-842 262
-195 -639
-837 382
-700 -769
965 -733
200 -969
-839 867
-447 -629
630 583
-969 -355
107 843
661 -449
-359 -69
517 309
-297 220
-694 544
359 -413
818 -948
277 44
303 743
-909 416
-891 735
-326 839
641 85
-913 169
923 863
229 607
246 -919
-339 699
546 667
208 -374
-462 -490
-70 -492
-362 -827
-546 156
-746 520
767 667
-98 -872
-402 -922
345 556
492 557
-358 445
-989 -861
852 555
779 -498
-332 893
-733 846
673 -981
-950 948
-179 870
-365 376
197 -259
356 -274
-507 530
949 -600
736 -716
262 964
662 -325
464 -827
866 -692
90 -277
-243 -706
438 405
-11 -430
227 764
550 462
334 497
-584 650
-793 903
-69 -745
997 556
-387 -411
531 -880
155 845
471 -159
-115 980
8 -772
-797 -59
806 50
-522 589
-217 875
588 273
287 -355
-885 779
629 -456
403 -39
-395 476
118 -392
-855 -893
938 -154
21 -284
-755 -707
883 -503
750 -266
701 -137
-744 502
285 -24
-404 547
328 -490
-125 879
-590 -989
947 -653
235 -548
831 158
-730 -425
-822 -553
-196 609
573 493
699 -380
316 194
178 72
255 401
4 652
190 685
690 -478
-241 -309
547 -786
-23 -445
-485 927
411 681
792 -644
-612 62
-613 -758
551 116
-599 654
949 -667
353 -814
-644 149
512 625
170 -736
-16 -907
783 -370
708 138
998 -628
962 -433
-955 -420
-417 -631
466 740
389 -620
402 -233
-832 422
74 962
77 -804
86 -987
-109 710
678 -135
53 629
993 -370
-10 -87
-389 47
-708 734
186 185
-586 756
-703 260
732 951
-134 577
365 -967
284 -70
69 -259
-808 265
-817 -337
-20 136
-753 -696
552 -837
854 -141
28 -462
288 -203
-347 -360
-877 -609
-559 -924
402 -214
590 -21
-716 48
-571 248
-91 -384
155 -292
848 -672
338 -208
571 -910
-356 -957
825 -681
-920 957
887 -44
-292 855
-520 -203
-517 -123
-861 740
-79 -187
238 -471
724 -640
143 -98
-992 -146
-698 964
-980 -897
426 246
-900 -109
-321 127
-939 657
-727 477
611 -791
-403 599
676 557
-90 653
287 134
114 -420
-237 239
191 -183
-113 -369
-52 -747
252 820
580 995
754 390
72 -866
-967 -842
177 869
-774 368
606 -386
-354 179
192 862
167 385
-646 649
701 -85
303 778
-348 -198
-537 -276
202 859
-389 717
-336 -366
-422 377
581 -723
650 -39
999 -704
177 -650
-350 -397
794 418
-879 546
-890 284
105 947
-483 -664
36 451
976 -36
-696 -296
-400 -650
648 992
-587 -194
164 576
-464 -318
228 670
912 751
445 845
-759 923
-869 16
-542 -965
272 545
965 -57
-938 -482
794 -675
-384 3
-365 -839
11 -796
-880 -455
841 -839
642 -552
-367 -795
964 476
-101 418
844 790
-818 148
-877 655
-435 216
-958 292
960 -721
74 -17
446 -615
99 -386
-95 503
-896 482
808 569
-676 -855
-296 574
962 -234
656 -422
564 363
352 -215
-136 -141
716 502
-989 -228
870 -576
789 316
62 141
-2 -362
-544 -766
-424 159
774 15
-355 -993
434 -702
-128 870
621 749
534 -487
-487 717
67 642
363 -323
-530 -346
-598 433
-659 632
870 -186
86 -165
20 797
373 954
-191 910
522 419
-252 -791
-15 -807
916 635
74 716
-146 577
145 340
-760 -870
-54 -413
-471 -187
-860 -153
924 -412
-849 912
675 652
134 -750
926 -157
-201 405
597 453
-461 -130
444 -42
286 319
-541 770
965 340
120 -747
671 690
-3 -828
-327 560
-498 319
391 12
-8 339
-200 -783
-829 993
305 -892
407 -47
537 585
-774 809
97 -338
67 612
-398 -295
143 -640
-143 466
249 194
-717 -229
-568 -170
238 -15
-427 -933
-578 -228
-731 -889
-783 739
568 -821
-792 930
210 -459
365 -10
133 273
-981 -66
-360 970
984 -772
141 -835
283 -74
474 40
-272 671
999 -466
491 325
-968 -565
536 22
-406 71
-663 -529
-709 111
331 202
47 -523
-310 113
512 -486
-271 -266
157 -17
-818 336
229 550
-913 490
258 582
36 -574
-103 -332
388 191
-537 -929
-43 390
300 -614
613 957
305 -816
-314 429
360 -491
947 -916
-38 959
507 -348
487 912
702 480
-106 -467
521 -436
-259 907
486 397
947 199
500 331
206 -559
271 -946
355 972
-759 613
950 983
-985 -280
171 132
506 -497
702 -676
29 472
-822 -273
637 318
-720 553
-992 -286
772 675
660 -389
-206 215
-17 -753
-534 -243
-199 354
645 -168
601 533
429 -886
693 562
-666 204
-935 -619
150 -749
320 -160
-361 767
208 -841
-44 448
-300 677
-884 367
-125 -813
257 460
347 110
-440 3
-5 837
-723 92
-883 42
827 532
341 682
-936 232
-405 -866
-188 -337
846 -636
-810 174
799 -791
-394 -449
-545 -462
-931 262
500 -36
-498 649
-273 390
-93 -792
-805 -864
546 -411
-888 843
-160 -940
111 458
440 747
395 943
911 -188
-725 850
-56 -830
244 408
-809 896
-378 -934
-864 -454
-164 -159
-478 778
-924 109
-381 -379
654 -521
702 401
890 -546
-342 879
-742 661
352 -502
833 -902
417 -757
-900 -789
279 771
-141 -679
271 971
965 -395
876 595
-865 -608
-141 -505
740 -273
-343 -187
-835 60
242 -600
309 -348
-962 470
75 257
-982 -35
-584 231
-722 -599
529 791
200 -314
-17 373
58 -753
313 -40
905 -204
787 81
287 -724
925 -147
213 -419
718 879
46 -718
387 314
236 311
420 -132
-845 -292
376 758
192 -243
-959 -453
623 -835
-256 227
-269 890
993 808
-488 351
-790 128
535 -650
-446 -200
-233 -987
-196 -731
-89 -220
-819 750
252 779
-90 869
-981 -46
-353 -132
643 -609
412 75
-463 854
-893 57
-737 120
801 -688
948 -801
-688 441
-12 -356
-649 -239
-713 779
-996 -694
149 -972
-543 -45
898 843
839 -648
-695 -214
-176 705
-896 -688
542 -860
-969 109
-130 924
618 46
-615 -416
-981 411
-159 -582
509 926
763 725
63 907
-697 -946
446 673
-754 -75
797 54
110 820
765 418
-690 -957
449 -2
-11 -147
733 -907
-272 -148
592 -203
-805 -528
777 810
16 -298
424 425
626 777
-307 892
-939 -437
-234 871
88 332
-454 472
-672 473
-849 -592
-872 747
507 689
245 -358
-582 499
283 -133
-84 -900
-174 202
-507 -167
418 618
-97 -505
-386 948
217 -641
139 -367
16 982
-329 79
-150 252
673 -611
176 -9
942 -126
376 147
209 150
395 -348
713 331
-877 631
-964 194
-766 -425
-862 -573
88 -211
-861 917
-57 990
305 -260
82 631
-377 -981
900 -137
107 -128
715 -405
960 -442
-760 832
371 15
-748 67
-43 -975
-361 -379
-205 20
-292 900
44 -294
-621 815
615 -207
413 -734
-565 103
-399 802
358 -942
119 -886
-740 -361
-817 -988
745 -693
-795 807
954 815
-571 658
-645 654
166 -711
458 476
77 23
-331 -673
299 -257
23 429
-104 477
-229 -613
266 -560
-42 241
-33 820
83 -31
-696 -521
-503 -51
118 667
-522 -569
-197 633
-3 -21
-271 952
-719 832
80 -173
299 662
-285 -404
-630 853
-362 -579
-397 747
-393 51
-74 -456
-406 364
401 -175
-464 -256
422 636
946 468
-864 726
659 -204
690 461
350 -959
466 869
-971 -726
-127 -885
182 -159
906 706
963 644
-189 -676
-59 874
385 769
-760 464
-622 -361
858 -64
-828 656
133 -8
512 -480
-621 -656
-27 108
812 648
-445 -317
474 -91
235 430
-954 -912
37 134
926 264
479 784
630 -903
436 -89
920 -295
138 134
-55 -583
759 41
-502 893
-712 -916
-140 -638
486 -979
-228 -371
-966 -135
-588 282
-962 182
-442 444
-491 -927
-373 -914
-30 368
283 562
-321 -776
-975 -433
-238 -325
545 -906
522 -512
-629 -483
113 -889
210 -566
736 -41
-346 240
-136 447
492 -706
901 569
-757 713
594 -846
986 -678
-86 551
-543 218
658 -427
603 -242
-31 -963
-688 -106
459 -649
-57 -703
321 -862
-530 354
-52 913
260 -344
-408 648
794 -455
-681 656
-794 584
416 -591
295 -32
632 47
964 538
-196 -263
-141 -797
-604 408
-845 134
-971 14
-557 -893
779 762
661 610
33 -483
-273 -107
-505 191
812 -789
473 -795
611 -980
244 -683
146 -787
845 -225
-860 -402
-2 928
-64 576
-152 63
-124 798
-505 -538
-231 -484
-217 325
-578 -498
60 578
664 797
-998 -525
-869 -489
606 93
765 374
374 301
990 418
76 -673
483 -775
60 779
-249 233
-702 -557
185 586
-849 891
989 6
-637 629
-32 461
-923 733
-931 -88
-8 -14
83 -293
404 228
466 -355
-674 -238
929 -770
-118 255
619 -639
891 -676
-969 -843
-483 -732
770 12
-631 608
-566 -524
-63 866
-507 -757
422 -480
763 -671
403 536
-407 646
-190 449
993 -340
100 -364
-446 -61
473 -976
-94 720
28 -307
-472 802
610 -182
-736 -466
701 -883
870 843
172 -877
-876 524
-311 -762
-518 829
451 -533
-53 462
325 888
618 -69
153 -261
-940 72
-421 -371
-570 -822
-764 414
762 -281
827 272
519 127
-527 -266
226 -912
705 845
-300 353
-539 -307
72 -814
374 17
718 496
-126 -487
818 989
-582 568
-253 868
-886 86
927 -565
-797 -529
-951 -795
-371 802
650 -848
358 523
-59 297
-886 -689
531 894
-424 -502
-764 -648
-163 -311
-334 -498
664 -533
38 -65
435 456
-595 -601
-791 286
-919 160
-403 666
412 -427
-687 101
-780 -358
441 566
-192 723
-431 536
360 -430
-135 -754
-456 752
-192 -404
-358 -384
516 468
-333 481
-54 -64
-90 -735
903 272
-628 739
686 -647
-584 375
302 -404
479 -143
-186 459
583 628
-89 -54
-565 -687
-353 695
374 353
681 -845
-830 -6
-211 465
911 -274
452 665
171 -864
573 -782
-988 -487
648 -93
454 251
-78 601
-413 874
190 -961
322 -739
609 -624
-373 -85
719 276
-912 -756
-509 -274
-597 619
-804 -772
716 641
-715 636
-415 -288
611 -864
409 682
938 -911
918 751
300 661
145 -205
460 534
960 519
410 -820
523 942
-894 -870
686 658
966 13
-951 -538
-935 -671
604 -362
374 825
-828 -854
-110 272
-792 282
-332 575
-339 -238
19 536
251 959
658 -534
697 -870
887 -406
473 -681
-893 -222
-276 -445
222 919
-597 413
-124 -915
329 820
-70 955
-550 -272
-764 648
-139 -607
-553 37
-883 -142
-124 -469
686 -626
339 -452
471 -758
125 -306
-491 -865
-759 -641
-931 -658
-958 -905
364 836
980 -238
279 781
215 -289
-162 -178
-456 -487
468 -521
-875 810
885 -788
-692 139
-422 158
111 -200
463 515
646 662
-956 557
819 -80
-120 311
-420 58
-660 -840
-624 -942
295 -714
506 -489
77 -518
-170 -315
-786 -195
622 476
-44 -345
-248 453
-319 700
-575 595
-854 947
414 -818
655 -516
64 -698
678 910
-50 -720
518 536
963 677
-761 -169
-530 838
-391 -580
852 -958
-409 -231
-95 193
249 937
579 -255
129 -990
14 266
-814 -678
594 153
-826 -289
468 700
107 -730
-787 962
187 -692
-915 -102
87 -468
436 -724
11 805
862 9
-849 -409
130 81
320 -353
-993 359
-291 182
796 -73
825 803
695 -556
478 -661
743 -177
-711 -15
231 753
784 92
980 -132
-398 324
-828 -252
-397 640
666 416
-333 -343
481 -300
-234 970
-145 -18
548 416
-279 -994
502 -445
-274 724
-438 -223
564 822
105 601
591 -785
-837 234
-260 978
579 671
17 -382
44 -142
789 181
736 -402
590 422
894 -404
-529 176
-865 -464
394 -354
-527 -718
634 -218
70 257
144 359
-357 441
138 765
-652 -545
-149 -745
-779 -521
-274 899
-101 430
652 756
366 -927
197 336
234 -617
-161 164
667 -751
-283 442
-284 -546
-938 453
389 -805
377 141
298 -561
251 850
831 150
639 795
-39 736
-639 480
995 -811
-77 818
-955 355
-175 171
479 -326
-361 -267
-260 -150
-356 -908
-490 255
-986 621
-228 -350
-708 -400
576 -578
696 -227
650 -679
-679 -688
-711 296
-135 -667
856 -620
330 888
-437 -111
894 -864
233 125
749 889
-340 -80
-102 -446
817 -265
-856 954
-881 520
-836 664
-900 339
-653 727
163 -919
-353 146
-522 -868
-760 -871
718 415
-231 967
-601 -94
-81 -320
-960 743
684 643
896 -218
-677 468
536 -160
312 958
-304 167
944 -697
125 -445
673 -171
-646 545
324 623
-190 237
395 379
451 -871
246 455
431 -809
962 -916
728 666
-390 -790
-32 867
-11 39
953 515
-408 -867
-170 -270
-262 -430
838 -707
-559 -359
124 -481
-486 -808
909 -970
-166 733
-519 -29
972 -629
-632 -658
-223 -499
446 72
200 -490
314 -480
-457 -567
-887 972
380 341
-216 50
908 -452
-718 277
433 644
-278 -202
-306 645
448 -560
-324 -165
-55 542
445 300
389 -945
448 -812
835 -200
-304 -68
-2 -23
352 370
-702 753
-210 -214
-533 -48
-154 623
734 -458
-138 652
752 -800
481 354
-939 363
-263 -954
456 793
-131 -504
239 468
314 40
646 -995
270 -624
-707 -839
-9 156
-216 -830
-695 528
-17 824
-916 307
717 -842
298 -335
695 -37
-667 -876
-276 970
-920 160
-228 -538
765 265
-540 -644
-637 -801
-693 -504
-768 -802
878 581
-186 -575
162 -513
26 664
930 -205
22 -79
664 166
702 -352
-276 966
-985 -460
834 452
-962 -157
214 -714
772 355
776 -256
189 207
-826 690
-940 677
-54 188
-175 907
-629 494
842 892
27 726
225 -607
-442 -7
-898 -293
-640 -677
-33 851
982 -990
-629 763
-824 -121
492 127
555 199
-515 657
649 -351
815 112
711 -322
533 810
-716 285
-760 -699
-450 -280
-44 -582
40 746
255 -816
-440 -356
222 441
505 253
-317 -217
179 392
871 -292
-374 -156
742 519
762 991
-631 -818
644 -980
-303 42
-318 402
162 -14
518 -341
-351 375
-32 -580
-934 -334
493 -523
-516 563
912 -441
-247 39
-627 -459
-50 759
-779 -853
638 -103
475 989
-941 221
-668 248
423 -197
211 263
818 -918
-105 989
-660 -476
-859 371
108 480
908 -756
706 48
-60 -979
480 -23
-204 -962
418 981
-949 -95
574 555
-523 -107
-68 -639
-632 612
-271 374
264 -582
-536 -249
113 490
-873 -136
713 -701
251 -842
-535 754
-700 -42
-264 -279
-17 783
-441 618
-508 -249
-735 843
-168 -567
230 -926
-745 327
-915 745
-911 475
283 -780
-242 833
178 788
-746 805
-540 -891
-707 -152
200 125
-360 544
197 -680
678 -9
-92 -242
-296 -237
-550 -107
648 -352
-4 866
-590 -535
-266 546
-2 595
842 -803
-782 -835
605 -437
-185 913
385 576
141 102
643 -50
-62 -5
-110 -22
-403 -360
175 168
99 996
824 886
-622 886
-928 -916
286 -530
857 -509
-872 963
-575 563
-82 876
388 473
-86 440
-397 -493
878 435
16 268
-194 543
580 -909
-99 -803
-411 923
908 -593
-402 -232
-466 -591
671 -955
596 535
968 826
-240 871
-907 -563
616 522
-50 745
-335 74
-191 -156
-861 -171
366 -843
-669 -552
749 848
929 944
836 306
-103 -293
78 486
-72 115
-335 25
347 -574
-648 555
196 790
95 55
-160 706
-608 -73
-987 995
551 -743
64 253
-632 -717
-42 994
-312 -550
-379 308
171 -144
894 287
-294 53
-156 -926
123 -484
288 -928
-107 658
-616 -123
-556 -951
-928 799
615 -132
-998 508
257 70
-80 991
-236 -593
681 88
-547 -896
-268 126
998 616
-86 -539
430 674
-167 64
-291 -133
-634 -629
-924 168
-146 -860
-995 -582
-685 -696
372 20
-640 23
251 54
-275 -548
129 253
-370 -452
-590 -671
-124 295
731 -157
-766 767
403 328
-570 -851
443 664
-142 236
624 621
706 356
-631 291
-719 -548
-544 -51
60 -375
782 -622
424 272
884 -789
-574 -594
-410 -610
-300 981
751 342
-703 833
-527 842
336 -193
347 831
955 645
-993 296
286 -448
812 -295
-949 800
-254 371
-478 -15
96 -438
-614 653
729 -679
-55 -239
739 204
-147 632
273 878
-879 -27
-781 777
-766 -834
8 450
-205 -407
616 -903
439 443
857 5
206 -245
-618 619
274 327
934 -768
-602 -156
592 -258
-32 -264
417 -232
-16 -640
-836 258
-347 -274
-947 -519
-541 -297
-197 11
71 -568
382 373
867 246
852 683
771 -158
567 223
-340 -412
-617 787
287 565
142 298
184 -953
-853 -132
-514 -885
-179 -622
203 3
-974 63
-302 -6
-734 -445
-761 802
-921 -929
-468 908
-62 105
133 797
449 -62
-731 438
256 793
-189 -501
127 632
-751 175
764 -554
-855 176
-450 715
-130 -861
-67 -199
357 725
-193 424
219 921
128 957
-453 963
-833 611
593 735
368 -635
362 -273
178 -9
-934 847
856 -755
-364 -336
985 855
-199 656
887 156
771 -290
-555 -350
983 -873
-942 -713
-523 368
853 454
8 -790
863 -857
311 -352
-942 -529
-235 728
498 -860
311 -397
-181 -421
802 86
959 62
786 -116
760 -794
-840 824
340 -764
-931 -406
-48 -917
-182 -551
714 -172
-100 975
-358 -522
910 823
-576 -654
-922 -278
-923 -592
-78 844
845 315
413 -410
782 168
837 -682
-913 -966
-266 -336
-848 379
521 160
-959 326
306 951
-469 982
487 -722
-341 -765
-107 -241
384 -566
-524 -609
-708 624
-561 -166
957 -256
966 498
236 -560
798 -918
849 -519
463 946
385 -233
435 199
-827 -159
-808 203
-545 267
-214 -57
714 662
-352 -521
146 -536
-998 548
178 928
483 -450
-17 -750
-151 -893
958 568
-41 -267
30 -514
879 -631
647 361
355 -96
519 -543
-123 -8
480 590
762 804
-595 -88
-99 547
-877 367
832 417
163 649
-882 -597
1 1000
224 169
-911 514
652 -15
618 -465
485 -122
-815 -801
-8 -628
865 -704
-346 411
764 -517
796 -427
89 803
-533 -857
-465 -165
-244 675
-306 -780
-797 -326
156 834
-269 416
-704 519
-687 -635
-279 791
122 900
383 -930
260 990
-304 572
463 -699
9 -123
-837 -189
-215 740
961 -326
-123 360
928 -732
-555 -791
-36 766
-497 -141
540 -695
804 134
675 454
-730 -277
824 -972
-227 89
423 -711
-369 835
-868 -912
-774 -205
794 673
513 -576
-705 384
-479 -288
417 -996
-489 208
-637 -828
-70 129
-615 -247
-473 -975
459 855
544 -949
76 -898
-523 -347
-521 -382
-778 -215
797 -595
550 -675
732 -981
-966 483
-51 91
411 618
-656 465
-123 -514
-201 382
823 -879
-38 84
699 -793
373 718
403 285
-199 488
40 -813
-94 -423
-725 -878
-825 696
-896 100
580 -820
-340 -854
-436 802
467 -194
265 250
-837 710
-387 -248
-727 -113
571 -27
848 182
-116 385
-197 919
-827 -238
430 172
123 519
-175 116
503 -584
-223 449
137 -325
72 -923
-568 437
-717 624
209 735
-850 32
395 -619
-92 -647
368 410
-164 708
-936 320
668 328
-167 885
-224 -939
844 -587
18 -171
-22 -615
810 555
-579 -469
449 -882
-230 40
-351 -129
561 4
336 35
-803 -972
600 -836
60 368
-436 -202
547 677
-317 82
-358 -322
659 369
-33 -445
618 309
162 66
541 -206
878 -235
-410 917
598 -774
704 -916
660 690
-135 905
694 -960
4 -939
-175 791
189 -915
-743 424
-396 -470
240 470
630 915
875 -536
-248 438
683 -972
950 -220
-834 -414
-107 760
512 885
740 -452
-695 357
780 381
-250 998
-71 -63
159 -505
550 -309
-222 199
-930 -23
624 -95
-977 197
-200 548
916 117
607 -93
-374 413
-968 -167
-926 489
8 464
-666 -726
921 -574
-907 -627
-553 184
-63 -805
755 -442
865 514
-323 615
-635 815
-704 -627
976 597
240 -303
-504 636
-528 -341
602 323
944 290
76 503
245 -322
677 509
-61 614
-973 -336
459 424
-846 66
-687 323
-872 -572
559 281
-491 536
603 391
-621 -875
623 -875
84 180
712 -692
-94 -166
-215 -66
833 2
868 -410
110 867
730 -462
519 358
-603 375
467 555
415 137
989 618
63 922
-148 -182
558 -78
334 -763
-393 958
586 -150
148 586
-380 -281
-350 856
239 311
45 -495
-539 -303
-233 482
-151 -874
995 274
265 -147
270 324
-48 -793
985 -599
743 -848
478 -371
360 -949
-684 -62
-786 -921
912 -687
772 -465
-624 -726
-193 -889
44 637
-197 -694
-871 654
389 41
-815 521
-349 425
-304 -233
122 -205
734 -341
878 120
958 -950
-918 998
380 938
101 830
612 8
91 -95
639 -679
-610 525
-968 560
-681 -226
277 523
-558 -413
115 831
83 997
-224 489
-394 699
883 -400
472 992
792 -144
-856 683
-723 43
-789 -547
-728 -862
759 -450
-854 717
265 -881
12 -820
743 -657
-890 -945
635 522
-789 -755
651 -74
599 -279
-278 -677
156 565
-204 704
-900 992
-902 -186
-104 974
25 922
945 -525
-184 -6
728 380
58 597
579 237
-554 763
-72 290
-718 34
672 674
797 -169
-468 -109
-706 -685
72 110
-352 -987
790 947
-685 267
669 -960
-176 942
-543 996
582 -834
466 762
-586 111
-184 307
-656 -203
-281 522
294 390
-805 -803
-989 -806
-194 -75
897 63
-640 -244
867 787
854 -405
770 468
-267 726
-96 -289
540 474
-256 -925
-980 918
-164 -424
973 549
828 984
-521 455
-26 989
-165 870
805 381
-432 -793
-402 -56
810 738
-492 485
-922 194
-270 -884
980 260
385 -91
356 -742
279 137
723 441
-3 -204
810 -914
817 185
-993 -558
-437 -890
586 870
-148 863
60 -665
-202 -113
-962 -102
772 267
-878 -398
-246 -684
-849 -995
-438 -554
-875 -810
-509 -549
884 171
201 530
-848 -518
311 654
-344 644
240 -579
-199 -18
-662 391
459 616
-714 -809
896 -292
495 637
-859 297
-597 -419
684 434
623 -759
-97 -85
391 -676
-81 540
-802 -273
-642 926
-547 108
-971 -571
946 264
498 439
-119 629
987 -657
85 -781
58 180
71 909
788 160
-795 731
-932 435
-767 -501
747 374
-9 527
-18 -119
762 -148
251 390
-863 482
-696 -286
397 -988
437 161
-346 -378
336 602
-10 -212
-507 927
-167 -755
-343 86
-360 -365
824 -575
-100 -775
911 -55
845 91
845 -725
-509 -192
-89 -446
65 -516
417 -744
-385 413
-127 890
-411 -633
-610 -922
-552 -164
261 -790
315 929
987 853
695 638
552 -141
255 -414
-934 868
-180 -736
-253 261
-583 530
-764 -185
205 111
-625 -723
465 -495
-373 878
483 318
-777 -281
930 -657
-40 632
-243 -721
-43 532
709 -753
-443 -192
304 428
614 924
-257 -999
-378 -363
954 -602
-451 224
-976 56
761 859
446 705
882 783
-957 -677
-846 853
-269 167
296 570
312 -457
-577 -338
-735 455
669 744
634 221
533 -679
-152 950
-503 -117
-480 -589
-662 183
179 458
771 669
220 -863
-964 -983
43 891
-218 -595
-766 -398
-35 874
-65 -683
-737 -318
-773 -511
500 -750
-996 863
504 -441
-960 -711
-826 -622
-649 -511
501 904
-302 -846
-162 400
-862 681
536 450
305 21
975 582
-434 -211
-915 -216
-371 964
343 -953
-88 649
-730 -448
57 850
-102 -172
-540 643
-126 776
657 317
-517 381
973 95
-175 -737
169 -520
461 -704
215 -586
958 735
819 654
935 319
-465 467
46 -89
-344 -954
-169 266
-952 -670
933 273
-248 -510
-268 -188
427 -794
-847 -589
430 587
-577 269
-219 210
-790 873
312 433
540 972
-93 137
-519 124
795 -302
-589 -454
-203 -729
62 -240
-544 -409
280 -695
-291 -945
677 -626
-161 -526
651 -904
-301 -201
-968 598
365 -168
503 -472
-744 954
36 -534
216 270
585 994
-649 -642
717 -193
-444 950
-303 -903
-817 125
-363 -872
-508 -857
-689 -674
678 378
-18 -722
512 -183
288 -662
378 693
-765 940
222 -901
-504 66
-775 -925
-56 838
-802 184
220 -875
537 835
212 31
366 -693
318 -688
433 -366
150 -385
-155 868
-36 159
799 67
-439 836
-386 -840
-470 897
-489 -79
-395 969
626 11
-408 -304
-903 -299
-54 504
820 -192
-327 -30
-501 -207
-739 -135
18 -41
-435 -192
-482 -845
709 -361
285 409
-52 68
-69 514
-100 -544
-620 974
40 80
866 363
-995 -188
844 331
473 167
343 834
-156 -322
-283 514
-826 723
236 179
-839 -645
321 -911
550 777
686 -924
-766 567
-450 452
763 -163
-744 455
-24 718
-740 -125
271 -235
-153 662
-468 119
-512 -253
542 742
549 -935
961 314
-732 522
361 35
-103 -473
-178 -285
396 -188
42 262
-352 -972
133 -535
-89 -635
558 980
686 338
889 787
-292 510
777 16
-152 113
-973 577
421 -138
255 -409
-516 945
-238 -835
207 167
143 504
96 -715
520 -279
408 -38
-803 85
-762 204
-986 673
-66 -903
398 442
186 19
-387 -595
374 -691
-629 472
523 881
951 -642
-755 478
-356 829
-713 488
454 30
-905 -270
50 -106
-758 -784
962 741
582 101
282 -255
-365 -559
-313 8
-133 507
901 158
-926 -669
436 86
711 -683
-147 -59
532 754
247 -514
517 -843
250 -720
287 -189
10 -494
879 -178
-743 -70
471 56
-333 -586
-755 107
804 499
306 111
-465 379
-128 -701
326 -6
315 384
548 538
333 -579
-879 749
-589 -164
31 -479
-499 477
77 261
57 -753
91 -850
-594 257
524 20
346 953
442 879
922 310
815 38
640 2
765 308
-179 -644
-486 -568
231 418
402 823
947 607
-982 662
-433 -195
-529 -198
600 -344
-256 697
-255 921
335 172
171 349
277 -645
-75 -736
-608 -532
401 -88
235 407
-38 852
-77 -543
76 335
661 501
-748 429
-275 439
726 -445
765 -648
-307 236
238 942
158 -124
110 -402
-356 20
-777 413
-805 162
-937 636
850 998
-324 668
567 -307
50 971
454 203
-758 -193
-638 -69
345 14
-142 406
-887 345
-959 337
-526 -191
-934 108
372 669
963 773
-580 -195
-649 -374
-518 -796
-298 526
860 200
-538 942
936 -846
-349 461
496 590
-544 194
-772 836
-903 -99
792 614
10 27
-394 -637
-243 647
-779 -797
926 406
739 834
28 211
863 -205
-725 -984
713 -164
-84 31
420 483
267 -450
717 492
679 198
683 -507
923 -426
-133 -35
256 -433
-507 537
-766 90
-607 -93
-904 379
-707 -184
-955 -302
855 -775
-67 437
-309 134
-272 677
-793 -220
400 -108
-162 -938
-529 -985
-397 184
-609 -681
871 -456
902 937
378 -233
851 831
-767 -16
96 492
369 -335
908 88
9 -740
226 746
876 423
780 -89
286 -791
-184 868
128 968
994 -561
-645 31
-313 967
-867 -638
-686 -63
652 219
-772 -643
600 713
-112 -329
-905 -322
-65 -784
-810 806
-641 -305
-341 -705
-227 -213
949 -477
-761 -79
810 208
-863 -464
-418 118
544 584
585 955
-110 -399
-462 -684
154 985
-724 59
-597 -865
-246 844
-154 743
-134 921
-726 313
-149 -816
789 -847
-98 -957
154 -864
892 -882
889 -187
928 -174
-296 900
202 -580
542 -743
-155 447
196 -215
246 802
627 753
388 573
117 383
292 79
417 -395
-647 -690
50 -391
-357 298
-919 -621
614 -571
-16 -163
-251 -310
867 -38
358 -636
-235 610
-176 534
75 339
615 315
800 -772
720 -140
-291 -786
-970 -51
479 598
706 586
158 -209
-972 927
-272 -923
320 -199
-998 22
-122 -272
-554 -18
-853 154
-905 -920
-839 50
-51 464
-959 785
-64 682
-846 881
-701 -900
277 20
922 -602
-319 -866
173 117
466 -531
427 175
-821 -946
-142 166
133 -989
996 273
626 -584
277 98
-767 -170
-451 -142
230 -447
-220 845
583 -388
167 -448
-361 -435
187 -157
-591 803
-850 -231
912 650
136 942
-43 428
-133 870
-898 647
623 -775
-761 -98
177 -578
948 927
-7 801
-186 465
491 375
-928 518
-946 38
-546 450
-369 -423
-965 -625
-7 987
-200 885
-351 -111
73 719
544 876
-52 -212
-279 880
-441 217
-972 36
566 503
-398 -955
-579 -552
399 -563
-178 -756
-214 689
148 985
355 843
308 653
-977 -95
532 168
591 246
-973 -766
-145 965
94 758
416 -594
322 583
364 -17
-178 -739
-281 -273
447 -174
221 -462
-403 446
-64 -806
981 40
-539 -77
-887 -917
-775 -238
-977 -701
-12 799
-147 324
-413 -550
717 -910
-174 719
-35 -333
-755 -810
903 -146
803 -60
-918 611
651 -659
-906 900
-73 156
375 -452
81 -313
644 193
-656 -514
115 921
-709 351
759 772
911 -486
-44 -839
16 896
25 -2
-25 461
488 -736
393 181
-321 -179
383 18
910 -677
232 -476
-808 -868
119 -697
173 912
-890 565
567 -83
363 -18
-42 -997
-690 -555
-54 -453
-474 284
582 83
632 658
-790 397
-962 -124
-671 884
979 -574
293 -47
351 -150
-356 -973
810 707
859 -409
746 628
179 919
411 -65
990 -79
471 -437
427 -658
-798 -451
890 525
-443 655
764 795
-952 523
-501 329
-874 -450
-698 -965
-421 -335
703 233
-994 210
835 762
44 41
-49 -386
77 754
271 -355
-160 991
675 940
-208 668
-60 937
-565 -566
-884 -933
87 -864
-308 -277
-660 563
-508 -630
-344 -675
-848 258
-679 -655
285 -571
754 -609
-534 -434
355 -422
735 975
900 15
398 -815
223 407
966 -419
977 212
-815 -324
938 259
-978 593
-709 -132
-879 728
984 227
-349 501
605 816
642 -340
-151 306
-315 -411
282 928
191 300
629 968
9 765
-900 848
863 -137
-201 -135
-615 -530
-314 411
995 916
389 109
164 591
-451 -988
-457 -492
-760 -492
452 -786
-66 -230
-502 -629
73 984
711 835
151 -8
675 -860
-968 -190
-52 -613
-842 -182
-543 610
221 -915
163 288
-764 -588
107 -975
426 -516
-618 416
-910 -272
-880 -312
-737 138
597 560
775 -726
25 -542
642 162
174 151
991 602
969 -932
-101 -615
-830 359
83 733
6 -158
261 508
-278 626
-86 694
-825 -90
707 -564
-498 610
-449 808
-840 200
-817 336
-481 -227
-248 520
717 -465
838 -489
-195 -511
-36 106
362 -477
-234 74
-156 -776
-390 -413
-299 785
-330 668
355 -908
-549 160
886 -187
-539 -962
-934 293
889 -370
561 -899
-690 -324
-339 -340
215 508
870 579
-506 -257
-726 -17
819 -78
284 228
453 759
737 908
-241 90
744 718
-477 -470
11 -111
-870 -831
-844 -751
93 994
490 -113
454 -657
-707 -173
750 818
-361 227
255 565
-672 468
-33 478
-564 -164
137 30
-707 -271
326 -59
201 215
932 642
-406 -803
-83 436
-269 -970
-983 848
-60 -761
-141 55
-589 -925
-69 -716
-432 -42
-456 -90
-738 923
551 922
628 913
454 764
60 83
-294 189
558 410
627 -51
-759 -573
570 -214
266 79
-850 784
-516 962
-982 -860
472 -67
589 -911
-430 -96
231 -956
-793 -852
844 -960
-68 411
687 -467
908 -247
-765 -965
43 221
79 191
-439 -869
-347 -596
-707 886
379 209
561 160
-648 924
-875 -478
806 670
-829 730
462 683
763 321
133 656
819 635
-46 960
703 795
188 -144
-51 -320
-545 -473
-589 -893
230 198
-303 891
675 -61
605 480
-4 219
701 657
-422 370
-267 -499
-279 944
-327 -4
-838 -372
633 259
-902 -566
770 -978
95 692
392 446
994 -927
-646 -45
65 -372
948 357
45 -958
242 -954
224 -456
-217 936
943 918
-395 -124
565 739
-838 775
-901 -921
-957 272
621 -815
-123 -752
-659 -744
-626 251
901 -26
-403 -421
-733 450
-84 236
946 847
192 -379
-79 242
267 196
-389 -48
-221 498
-844 190
909 -193
-611 742
184 -594
-927 916
296 -96
371 718
942 -620
264 392
-218 -855
829 -424
583 601
340 455
872 665
-685 763
-999 -866
900 -929
807 27
588 -141
847 -48
-860 -477
-969 -865
-84 314
740 139
-343 -561
489 -269
552 -765
-603 -767
-218 236
751 -507
760 -505
-52 743
-201 -642
396 731
-226 -100
-709 -929
36 -328
629 45
-320 -610
892 668
-365 71
759 756
503 -798
760 -330
593 674
-108 609
124 479
-304 -766
-580 425
-447 -455
-541 50
393 22
687 -345
-960 453
123 266
404 870
957 -524
346 883
-906 -525
368 5
926 -802
-855 -274
283 28
720 516
-877 -522
607 980
-672 -280
-675 180
221 -649
-558 -73
-480 -16
24 -45
-463 441
595 -925
-999 926
-664 378
-904 -576
416 -139
680 -391
522 368
-407 328
668 706
490 -289
773 661
462 489
489 -398
574 -302
543 -888
475 -366
-699 278
241 754
-763 657
-963 -154
648 -584
508 176
-417 -557
-227 639
317 117
-652 -602
958 267
596 -140
-79 -347
343 -632
976 -45
972 162
606 209
983 -942
-410 66
-187 -158
788 46
-908 735
135 336
507 731
624 -333
630 206
-989 213
-466 -839
505 845
670 -926
-224 474
562 -229
293 444
675 -557
-585 -790
-704 546
557 -501
-770 901
-64 -288
-931 -120
-559 420
544 -963
-295 -299
653 88
243 -648
470 983
153 514
-622 -782
-165 137
-872 -638
-963 132
869 -210
568 807
260 -788
-898 399
-496 -955
313 590
654 -966
657 -247
-916 279
767 151
389 -303
945 339
435 214
337 -238
541 677
-457 629
380 -537
684 -13
-621 430
404 -952
-88 -393
-71 -702
362 249
-941 -656
-388 89
801 -350
-94 -335
976 -657
611 350
56 125
-668 149
-666 787
627 -552
555 -758
-863 -334
-952 -827
359 -794
-344 88
-631 959
-33 -529
97 689
-991 -26
172 835
-998 -225
-690 -248
324 -16
853 294
431 -315
-523 594
-178 96
-390 538
191 685
-717 -747
312 357
-266 559
892 -800
241 -897
305 890
-936 939
-857 310
146 -965
-862 -785
336 -852
737 -5
-361 913
-914 -7
-854 68
209 877
-404 -224
-645 293
-567 548
-767 120
-746 517
-373 770
339 247
-424 841
503 -358
23 -712
701 207
-395 176
-556 258
64 13
-545 -666
200 622
-472 -796
52 924
697 -477
-461 181
760 916
58 370
695 329
900 -90
-992 -236
-922 -886
216 263
-691 -86
-882 249
378 -688
480 -501
-83 -208
-596 -304
422 507
12 950
442 -558
-291 753
846 -7
258 -357
569 -480
-167 -336
-944 372
849 -591
863 106
-59 984
77 -82
40 768
129 354
879 -976
-808 -782
892 48
266 607
-830 753
605 702
297 -49
-384 778
788 677
-457 790
-195 -600
63 -231
-921 222
-409 -574
-647 -274
127 -384
-657 -282
-549 -747
268 -450
-860 38
-32 -31
916 -636
671 46
89 960
-624 927
-563 253
-135 815
-154 619
-187 -327
839 -626
421 663
534 -672
933 -228
-392 -24
-631 -822
698 238
166 -985
-473 -938
169 -206
-176 453
363 -625
594 665
988 427
137 218
280 -747
633 276
721 739
24 -901
-754 -424
846 69
178 -735
724 -188
-734 -516
-230 -133
318 905
691 761
-46 -286
-793 -73
397 35
922 645
-557 94
549 -219
-349 413
-208 -540
-214 953
760 496
40 -821
-776 131
577 823
-542 -238
-49 714
317 -239
-382 667
-813 -253
-854 367
-875 -468
921 608
374 77
284 -661
-895 -554
549 -998
612 413
-725 546
711 4
286 643
-991 -800
-271 749
-737 -402
129 -256
818 -260
-909 904
-94 242
371 509
659 -455
839 -671
-362 -876
-309 918
-588 965
541 -995
810 632
-521 -572
281 467
399 -277
729 -847
-279 -376
510 988
39 330
-267 205
91 201
-403 115
106 469
89 -352
-639 303
84 87
525 694
-968 992
-313 681
44 -647
-886 493
-87 -437
-359 -557
418 -325
139 -315
334 296
-888 -561
-504 -786
-357 217
550 -874
611 837
-192 339
929 696
2 -53
564 605
445 -152
-121 -950
232 959
605 -636
417 145
229 -544
724 276
-932 -229
-320 276
224 490
-98 -579
810 44
927 -422
806 -395
-732 -898
-537 -857
-178 616
926 328
531 -550
-717 751
-794 -419
-582 -620
-464 457
107 31
-559 -633
171 417
-80 -143
261 -725
-416 278
315 -441
-217 -122
-350 315
-481 520
-559 -167
-295 308
485 600
-752 -322
324 548
236 484
-277 -479
-593 267
-223 -904
-260 -449
-782 522
-131 -287
-718 933
201 -753
842 182
892 -447
-555 -56
37 229
238 -545
418 -924
259 276
-357 832
-400 39
274 -997
-352 -333
909 -329
-627 -205
-221 -733
-952 672
151 -200
534 -275
-342 -419
869 444
-344 -395
-987 218
-802 -359
-236 -756
-928 -285
572 -297
934 -174
566 -735
-674 -933
-428 -820
321 25
-899 -839
415 -955
327 27
-792 249
-917 -628
628 764
-862 427
-735 -475
478 249
845 -717
-280 -640
779 -250
-466 -5
866 178
624 -313
-205 100
335 -27
73 -564
-444 810
988 -914
923 372
622 636
340 -115
-309 572
365 -257
-677 320
235 -868
-107 -802
-33 118
795 481
-124 -461
689 -728
802 705
-854 -572
710 265
-77 -844
149 783
455 -144
-323 540
912 -177
-535 152
757 -433
394 -992
-39 94
367 898
814 937
-446 699
89 -544
-845 137
285 -392
-928 566
744 516
-207 431
299 -588
-955 97
-624 -521
327 -596
-515 -729
-489 657
258 -42
-551 -29
692 123
-521 532
261 367
-564 397
29 351
-997 898
61 -663
842 227
-160 86
-233 419
-61 820
327 582
633 278
-27 761
393 -181
550 727
537 148
-761 -969
-526 545
43 -143
-663 -563
705 -406
-205 860
346 -914
716 -518
-291 -12
906 -346
-533 526
850 633
378 -121
75 308
-663 -116
-577 461
560 -206
820 377
591 958
300 -5
-2 -353
724 -364
953 41
568 604
-93 464
-711 -934
540 -938
548 68
-375 771
896 -858
45 -329
-762 444
275 -693
512 719
996 -592
-613 -533
-167 482
806 368
306 -378
-14 182
17 851
671 -684
-97 27
-393 -803
27 572
-337 848
-144 -593
-170 -851
559 -690
166 576
470 570
897 646
-891 556
738 393
655 643
267 562
-611 162
864 974
-484 -309
-654 851
240 779
-990 717
-413 355
63 -686
-243 -241
359 -81
460 -348
104 -207
-6 658
-926 581
27 -958
-233 971
399 772
775 491
-294 654
-133 929
837 -556
665 892
960 379
-468 93
-772 -560
-575 269
608 473
-412 -906
-569 635
900 -496
427 945
-964 -113
-283 -533
143 990
896 995
-391 -704
374 -231
-540 -992
730 430
-713 -902
-342 22
-182 -477
69 -174
360 -917
942 -743
-391 741
498 -955
268 -39
413 -179
-751 403
6 802
-121 -941
193 380
-687 -734
-795 -207
-896 -217
-640 -409
-28 193
-435 -844
626 -652
681 -33
350 454
-773 -108
-360 368
466 284
-419 416
-85 794
-982 815
-304 458
-479 409
857 357
-881 969
567 366
802 946
-903 -91
-246 -383
-362 903
661 571
-105 555
-941 -527
518 -560
369 -375
-682 131
117 562
-529 -248
-631 921
-458 495
-639 268
-308 -289
457 -552
754 -258
24 -246
54 916
-866 742
-445 754
157 476
254 -855
795 -313
540 117
122 837
751 962
-979 616
-556 480
-593 123
937 142
-452 132
-47 848
-944 -524
378 135
575 128
-877 -751
689 473
969 -707
-619 -656
-291 -875
829 -749
756 -603
296 -16
-154 72
730 -264
-202 -29
385 890
-284 153
-320 -364
-149 360
630 -871
-587 757
615 84
681 877
-454 389
970 -447
-421 -948
829 -854
-163 290
849 366
79 -68
364 -495
987 -268
121 -954
122 -69
30 765
540 -471
965 638
-95 -639
-711 -898
667 -533
-867 231
-103 -243
-20 -232
-837 890
-599 628
-937 73
49 704
-629 -807
72 -416
-940 263
160 521
476 245
-655 -714
61 67
352 958
-140 -680
974 640
770 839
-767 223
976 -492
982 -634
767 863
90 164
388 48
-534 426
294 879
153 -847
457 214
-628 163
-737 -489
561 -339
194 685
616 187
105 965
-713 596
-852 653
533 -517
-633 136
734 758
418 815
-154 143
175 -982
-601 75
-761 698
-559 -147
-250 -67
-19 196
535 73
-602 468
-182 -915
-146 487
178 -459
750 -505
587 282
-87 -75
704 -978
-413 472
-810 -485
-474 -819
68 892
-594 -223
-628 949
-636 -294
304 668
-491 947
-270 -473
-304 -980
875 -709
-121 -817
-527 -185
-536 -754
117 139
926 184
616 631
-179 713
700 162
757 -819
177 -205
-175 638
-625 722
274 463
419 279
264 -273
-447 -177
273 471
-507 -740
968 -550
-27 -329
-589 -389
473 824
-982 927
222 -851
655 556
-315 562
794 -27
-399 748
249 646
-609 -37
770 883
-996 167
-574 -370
923 -611
546 888
745 604
-877 709
-442 58
784 6
655 307
756 -587
559 -667
837 520
407 -488
659 34
532 77
707 -37
-477 956
209 -974
-985 980
-982 584
113 -433
-573 -531
876 -710
-661 -939
-456 -855
-221 52
-674 305
577 504
-151 740
816 886
496 -882
-462 505
-972 73
235 524
173 382
-81 500
-225 165
695 -606
-606 145
678 -53
-222 168
-616 -918
-9 -847
45 -459
-766 -419
-698 -865
696 677
-493 530
-628 -881
-483 -805
750 -499
378 -381
-328 887
-238 461
525 877
-853 476
-633 433
-130 -491
-907 -192
-744 -931
-587 94
471 175
-526 734
939 -190
521 685
208 611
-944 707
-229 -444
143 -834
626 171
304 312
219 -697
161 -92
-455 -164
144 -912
-114 639
857 162
535 887
-754 845
258 -682
489 -393
406 -745
-636 -275
902 -164
-241 -892
389 -567
-164 -162
-889 191
200 573
417 802
-119 795
585 3
20 623
-879 291
482 -564
459 -595
-295 -403
-407 31
-696 904
-205 -775
775 -976
-700 160
-128 -746
-606 229
-203 -816
-277 -774
-843 676
312 652
100 -579
214 -969
-233 228
32 -999
-412 209
33 -931
-696 867
-451 -206
598 -501
694 718
-790 -603
573 -38
-73 -308
785 811
904 -613
217 152
-636 27
288 -668
-520 -841
328 142
81 375
-866 368
-265 125
115 -665
845 -639
-779 -822
174 557
-109 752
-936 -726
-705 -37
-347 -266
453 -936
-617 -537
326 -140
-139 56
-620 906
-760 309
-559 -478
-495 194
278 -696
-891 267
290 -116
783 209
-904 94
318 -948
928 -544
-359 923
851 -525
434 -932
-608 -81
-353 -597
-450 125
52 413
439 308
369 -926
-299 -961
-668 -629
712 -833
11 -772
151 188
419 -933
566 279
773 123
129 -569
-561 -832
-953 829
-179 -804
-69 300
831 317
668 -507
113 -982
281 378
206 967
-656 969
407 109
178 -867
967 -253
248 648
-805 283
926 381
386 419
-734 -992
51 748
-952 186
56 -106
615 -580
641 -144
-356 -786
-217 -252
-810 743
428 150
-342 709
240 -627
-243 451
-88 719
-89 -746
940 672
-492 -585
60 -671
-271 -219
511 136
944 259
272 -101
-640 -626
303 -423
-510 -586
-525 730
-988 -475
-759 537
877 559
274 -934
-684 858
-475 896
90 407
505 907
-74 582
-353 -728
169 -793
-470 139
84 -695
836 -58
484 -365
-494 -194
-818 286
845 816
973 -634
486 861
-994 -21
681 247
-101 244
147 913
957 507
548 655
-200 -287
-980 136
424 -292
747 787
-302 209
-933 804
-723 856
977 -190
-811 -638
-639 559
-783 479
200 69
-549 -366
895 -904
287 -849
327 559
660 460
-24 104
873 73
914 197
893 637
108 571
-742 -588
675 531
-767 -337
-840 490
-355 -43
493 803
-423 -81
-100 -482
-887 822
103 -985
466 880
734 233
-219 287
186 -717
-120 -77
40 243
94 -298
-790 896
773 447
-146 -47
-29 -206
-476 -382
408 -102
73 693
-162 -959
-91 591
-78 978
640 -36
-372 910
830 -893
-684 979
-594 -645
716 133
657 -809
998 -807
343 -168
27 6
-208 -835
867 882
94 -728
803 910
-338 -202
158 -666
-336 -579
938 -232
470 200
-382 -490
-74 90
-953 -93
-276 -70
-694 755
-776 10
268 925
-203 -737
616 51
-7 673
-449 136
85 -727
-810 -511
991 -48
678 -26
139 402
-89 -275
660 -308
462 712
-980 -900
-555 -333
-113 634
585 -369
849 -861
-103 -52
694 -194
-317 -906
288 -933
-490 -287
-795 783
-569 -531
804 987
428 571
-766 -411
-939 -432
933 550
144 -686
-87 126
399 555
775 -827
885 790
870 -975
365 600
474 -268
770 -326
-601 750
850 -313
-372 -226
-146 970
-817 -600
569 -948
614 841
-548 -100
742 367
-269 990
-845 -954
-941 -913
937 387
-254 711
62 -69
-485 -176
-682 381
-575 -799
295 -273
-403 -857
-537 403
600 -26
-881 615
357 -192
-893 95
676 -289
838 186
-723 22
-17 -268
124 -683
403 -984
461 -901
191 229
394 -3
358 -431
254 -261
535 858
120 66
507 499
-521 -323
391 165
712 462
472 -554
-315 979
499 -324
-50 -825
-762 546
956 -158
-916 420
-531 613
11 941
-571 -494
-546 758
-24 -665
-903 -541
832 -653
619 163
-274 -354
403 -708
-484 -155
-144 776
837 -960
947 953
-607 -847
323 -150
107 192
-286 367
-689 7
357 -482
610 450
-504 -151
-268 693
-313 207
-791 503
-916 -510
-110 386
238 75
176 -977
-204 -965
-604 -45
940 -880
-167 -309
836 -974
-204 -63
362 -199
-829 742
-847 -134